ORDERNUMBER,ID_Cliente,QUANTITYORDERED,PRICEEACH,ORDERLINENUMBER,SALES,PRODUCTCODE,DEALSIZE
10107,C046,30,95.7,2,2871,S10_1678,Small
10121,C068,34,81.35,5,2765.9,S10_1678,Small
10134,C048,41,94.74,2,3884.34,S10_1678,Medium
10145,C087,45,83.26,6,3746.7,S10_1678,Medium
10159,C024,49,100,14,5205.27,S10_1678,Medium
10168,C081,36,96.66,1,3479.76,S10_1678,Medium
10180,C027,29,86.13,9,2497.77,S10_1678,Small
10188,C042,48,100,1,5512.32,S10_1678,Medium
10201,C058,22,98.57,2,2168.54,S10_1678,Small
10211,C009,41,100,14,4708.44,S10_1678,Medium
10223,C006,37,100,1,3965.66,S10_1678,Medium
10237,C090,23,100,7,2333.12,S10_1678,Small
10251,C082,28,100,2,3188.64,S10_1678,Medium
10263,C036,34,100,2,3676.76,S10_1678,Medium
10275,C045,45,92.83,1,4177.35,S10_1678,Medium
10285,C050,36,100,6,4099.68,S10_1678,Medium
10299,C086,23,100,9,2597.39,S10_1678,Small
10309,C012,41,100,5,4394.38,S10_1678,Medium
10318,C029,46,94.74,1,4358.04,S10_1678,Medium
10329,C046,42,100,1,4396.14,S10_1678,Medium
10341,C072,41,100,9,7737.93,S10_1678,Large
10361,C077,20,72.55,13,1451,S10_1678,Small
10375,C045,21,34.91,12,733.11,S10_1678,Small
10388,C035,42,76.36,4,3207.12,S10_1678,Medium
10403,C088,24,100,7,2434.56,S10_1678,Small
10417,C034,66,100,2,7516.08,S10_1678,Large
10103,C012,26,100,11,5404.62,S10_1949,Medium
10112,C091,29,100,1,7209.11,S10_1949,Large
10126,C025,38,100,11,7329.06,S10_1949,Large
10140,C081,37,100,11,7374.1,S10_1949,Large
10150,C032,45,100,8,10993.5,S10_1949,Large
10163,C020,21,100,1,4860.24,S10_1949,Medium
10174,C007,34,100,4,8014.82,S10_1949,Large
10183,C019,23,100,8,5372.57,S10_1949,Medium
10194,C073,42,100,11,7290.36,S10_1949,Large
10206,C018,47,100,6,9064.89,S10_1949,Large
10215,C092,35,100,3,6075.3,S10_1949,Medium
10228,C017,29,100,2,6463.23,S10_1949,Medium
10245,C080,34,100,9,6120.34,S10_1949,Medium
10258,C084,32,100,6,7680.64,S10_1949,Large
10270,C077,21,100,9,4905.39,S10_1949,Medium
10280,C002,34,100,2,8014.82,S10_1949,Large
10291,C074,37,100,11,7136.19,S10_1949,Large
10304,C008,47,100,6,10172.7,S10_1949,Large
10312,C057,48,100,3,11623.7,S10_1949,Large
10322,C062,40,100,1,6000.4,S10_1949,Medium
10333,C058,26,100,3,3003,S10_1949,Medium
10347,C006,30,100,1,3944.7,S10_1949,Medium
10357,C057,32,100,10,5691.84,S10_1949,Medium
10369,C023,41,100,2,4514.92,S10_1949,Medium
10381,C024,36,100,3,8254.8,S10_1949,Large
10391,C003,24,100,4,2416.56,S10_1949,Small
10411,C067,23,100,9,4140.23,S10_1949,Medium
10424,C034,50,100,6,12001,S10_1949,Large
10107,C046,39,99.91,5,3896.49,S10_2016,Medium
10120,C006,29,96.34,3,2793.86,S10_2016,Small
10134,C048,27,100,5,3307.77,S10_2016,Medium
10145,C087,37,100,9,5192.95,S10_2016,Medium
10159,C024,37,100,17,5016.83,S10_2016,Medium
10168,C081,27,100,4,3660.93,S10_2016,Medium
10180,C027,42,100,12,4695.6,S10_2016,Medium
10188,C042,38,96.34,4,3660.92,S10_2016,Medium
10201,C058,24,100,5,3025.92,S10_2016,Medium
10210,C064,23,100,2,3009.09,S10_2016,Medium
10223,C006,47,100,4,5422.39,S10_2016,Medium
10236,C059,22,100,1,2852.08,S10_2016,Small
10251,C082,44,100,5,5756.52,S10_2016,Medium
10263,C036,40,100,5,4472,S10_2016,Medium
10275,C045,22,100,4,2904.44,S10_2016,Small
10285,C050,47,100,9,6484.59,S10_2016,Medium
10298,C004,39,96.34,1,3757.26,S10_2016,Medium
10308,C055,34,100,2,4043.96,S10_2016,Medium
10318,C029,45,100,4,5566.5,S10_2016,Medium
10329,C046,20,100,2,3176,S10_2016,Medium
10339,C084,40,68.92,4,2756.8,S10_2016,Small
10361,C077,26,51.15,8,1329.9,S10_2016,Small
10374,C007,39,100,5,5288.01,S10_2016,Medium
10388,C035,50,44.51,5,2225.5,S10_2016,Small
10402,C009,45,100,1,5833.8,S10_2016,Medium
10417,C034,45,100,5,5887.35,S10_2016,Medium
10107,C046,27,100,4,6065.55,S10_4698,Medium
10120,C006,46,100,2,9264.86,S10_4698,Large
10134,C048,31,100,4,7023.98,S10_4698,Large
10145,C087,33,100,8,5176.38,S10_4698,Medium
10159,C024,22,100,16,4132.7,S10_4698,Medium
10168,C081,20,100,3,4183,S10_4698,Medium
10180,C027,41,100,11,8892.9,S10_4698,Large
10188,C042,45,100,3,8714.7,S10_4698,Large
10201,C058,49,100,4,8065.89,S10_4698,Large
10210,C064,34,100,1,6123.4,S10_4698,Medium
10223,C006,49,100,3,9774.03,S10_4698,Large
10237,C090,39,100,9,7023.9,S10_4698,Large
10251,C082,43,100,4,7078.23,S10_4698,Large
10263,C036,41,100,4,8336.94,S10_4698,Large
10275,C045,36,100,3,6901.92,S10_4698,Medium
10285,C050,27,100,8,5438.07,S10_4698,Medium
10299,C086,29,100,11,6683.34,S10_4698,Medium
10308,C055,20,100,1,4570.4,S10_4698,Medium
10318,C029,37,100,3,7667.14,S10_4698,Large
10329,C046,26,100,3,5868.2,S10_4698,Medium
10339,C084,39,76.67,3,2990.13,S10_4698,Small
10362,C081,22,100,4,3664.1,S10_4698,Medium
10374,C007,22,100,1,3834.38,S10_4698,Medium
10388,C035,21,86.77,7,1822.17,S10_4698,Small
10403,C088,66,100,9,11886.6,S10_4698,Large
10417,C034,56,100,4,9218.16,S10_4698,Large
10105,C028,50,100,2,7208,S10_4757,Large
10119,C072,46,100,11,5004.8,S10_4757,Medium
10129,C078,33,100,2,4398.24,S10_4757,Medium
10143,C056,49,100,15,5597.76,S10_4757,Medium
10155,C086,32,100,13,4526.08,S10_4757,Medium
10167,C074,44,100,9,5924.16,S10_4757,Medium
10178,C001,24,100,12,3492.48,S10_4757,Medium
10186,C031,26,100,9,3854.24,S10_4757,Medium
10197,C033,45,100,6,5324.4,S10_4757,Medium
10209,C051,39,100,8,5197.92,S10_4757,Medium
10222,C022,49,100,12,5997.6,S10_4757,Medium
10248,C046,20,100,3,2910.4,S10_4757,Small
10261,C067,27,100,1,3378.24,S10_4757,Medium
10273,C066,30,100,4,3508.8,S10_4757,Medium
10283,C070,25,100,6,2992,S10_4757,Small
10295,C038,24,100,1,3427.2,S10_4757,Medium
10307,C019,22,100,9,2692.8,S10_4757,Small
10316,C039,33,100,17,4128.96,S10_4757,Medium
10325,C012,47,64.93,6,3051.71,S10_4757,Medium
10337,C020,25,48.05,8,1201.25,S10_4757,Small
10350,C034,26,75.47,5,1962.22,S10_4757,Small
10359,C068,48,54.68,6,2624.64,S10_4757,Small
10373,C065,39,100,3,4046.25,S10_4757,Medium
10384,C024,34,100,4,4846.7,S10_4757,Medium
10395,C048,32,100,2,3370.56,S10_4757,Medium
10400,C083,64,100,9,9661.44,S10_4757,Large
10414,C038,19,100,3,2764.88,S10_4757,Small
10103,C012,42,100,4,5398.26,S10_4962,Medium
10114,C044,31,100,8,4305.28,S10_4962,Medium
10126,C025,22,100,4,3347.74,S10_4962,Medium
10140,C081,26,100,4,3188.12,S10_4962,Medium
10150,C032,20,100,1,3191.2,S10_4962,Medium
10164,C053,21,100,2,3536.82,S10_4962,Medium
10175,C078,33,100,9,5362.83,S10_4962,Medium
10183,C019,28,100,1,3433.36,S10_4962,Medium
10194,C073,26,100,4,4263.74,S10_4962,Medium
10207,C030,31,100,15,4076.19,S10_4962,Medium
10217,C040,48,100,4,7020.48,S10_4962,Large
10229,C057,50,100,9,6426.5,S10_4962,Medium
10245,C080,28,100,2,4591.72,S10_4962,Medium
10259,C040,26,100,12,4033.38,S10_4962,Medium
10270,C077,32,100,2,4302.08,S10_4962,Medium
10281,C029,44,100,9,7020.64,S10_4962,Large
10291,C074,30,100,4,3855.9,S10_4962,Medium
10305,C050,38,100,13,6680.78,S10_4962,Medium
10313,C018,40,100,7,6678,S10_4962,Medium
10322,C062,46,61.99,8,2851.54,S10_4962,Small
10334,C091,26,100,2,3188.12,S10_4962,Medium
10347,C006,27,100,2,4428,S10_4962,Medium
10357,C057,43,100,9,5780.92,S10_4962,Medium
10370,C003,35,65.63,4,2297.05,S10_4962,Small
10381,C024,37,100,6,6231.54,S10_4962,Medium
10391,C003,37,46.9,7,1735.3,S10_4962,Small
10411,C067,27,100,2,4427.73,S10_4962,Medium
10425,C045,38,100,12,5894.94,S10_4962,Medium
10108,C026,33,100,6,5265.15,S12_1099,Medium
10122,C049,42,100,10,7599.9,S12_1099,Large
10135,C057,42,100,7,8008.56,S12_1099,Large
10147,C023,48,100,7,9245.76,S12_1099,Large
10159,C024,41,100,2,8296.35,S12_1099,Large
10169,C003,30,100,2,5019.9,S12_1099,Medium
10181,C042,27,100,14,5411.07,S12_1099,Medium
10191,C085,21,100,3,3840.9,S12_1099,Medium
10203,C034,20,100,8,3930.4,S12_1099,Medium
10211,C009,41,100,2,7498.9,S12_1099,Large
10225,C089,27,100,9,4517.91,S12_1099,Medium
10238,C028,28,100,3,5774.72,S12_1099,Medium
10253,C088,24,100,13,3922.56,S12_1099,Medium
10266,C047,44,100,14,9160.36,S12_1099,Large
10276,C063,50,100,3,9631,S12_1099,Large
10287,C089,21,100,12,3432.24,S12_1099,Medium
10300,C014,33,100,5,5521.89,S12_1099,Medium
10310,C085,33,100,10,6934.62,S12_1099,Medium
10320,C091,31,100,3,6876.11,S12_1099,Medium
10329,C046,41,71.47,5,2930.27,S12_1099,Small
10341,C072,45,79.65,2,3584.25,S12_1099,Medium
10363,C079,33,85.39,3,2817.87,S12_1099,Small
10375,C045,45,76,7,3420,S12_1099,Medium
10389,C074,26,99.04,4,2575.04,S12_1099,Small
10419,C072,12,100,13,1961.28,S12_1099,Small
10105,C028,41,100,15,8690.36,S12_1108,Large
10117,C032,33,100,9,6034.38,S12_1108,Medium
10127,C060,46,100,2,11279.2,S12_1108,Large
10142,C057,33,100,12,8023.29,S12_1108,Large
10153,C034,20,100,11,4904,S12_1108,Medium
10165,C032,44,100,3,8594.52,S12_1108,Large
10176,C047,33,100,2,7474.5,S12_1108,Large
10185,C056,21,100,13,3883.74,S12_1108,Medium
10196,C080,47,100,5,8887.7,S12_1108,Large
10208,C073,46,100,13,8602.92,S12_1108,Large
10220,C021,32,100,2,7181.44,S12_1108,Large
10231,C016,42,100,2,8378.58,S12_1108,Large
10247,C079,44,100,2,10606.2,S12_1108,Large
10272,C029,35,100,2,5818.4,S12_1108,Medium
10282,C057,41,100,5,7071.27,S12_1108,Large
10293,C002,46,100,8,8411.56,S12_1108,Large
10306,C011,31,100,13,6570.76,S12_1108,Medium
10314,C041,38,100,5,7975.44,S12_1108,Large
10325,C012,42,64,8,2688,S12_1108,Small
10336,C044,33,57.22,10,1888.26,S12_1108,Small
10348,C025,48,52.36,8,2513.28,S12_1108,Small
10359,C068,42,100,8,4764.48,S12_1108,Medium
10371,C057,32,100,6,3560.64,S12_1108,Medium
10382,C057,34,100,10,3823.64,S12_1108,Medium
10395,C048,33,69.12,1,2280.96,S12_1108,Small
10413,C036,36,100,2,8677.8,S12_1108,Large
10103,C012,27,100,8,3394.98,S12_1666,Medium
10113,C057,21,100,2,3415.44,S12_1666,Medium
10126,C025,21,100,8,2439.57,S12_1666,Small
10140,C081,38,100,8,4829.8,S12_1666,Medium
10150,C032,30,100,5,4100.1,S12_1666,Medium
10164,C053,49,100,6,6563.06,S12_1666,Medium
10174,C007,43,100,1,6817.22,S12_1666,Medium
10183,C019,41,100,5,6163.94,S12_1666,Medium
10194,C073,38,100,8,4933.92,S12_1666,Medium
10206,C018,28,100,3,4056.36,S12_1666,Medium
10216,C008,43,100,1,5759.42,S12_1666,Medium
10229,C057,25,100,13,3451,S12_1666,Medium
10245,C080,38,100,6,5920.4,S12_1666,Medium
10258,C084,41,100,3,6668.24,S12_1666,Medium
10270,C077,28,100,6,4094.72,S12_1666,Medium
10281,C029,25,100,13,2938.5,S12_1666,Small
10291,C074,41,100,8,6387.8,S12_1666,Medium
10304,C008,39,100,3,6396,S12_1666,Medium
10313,C018,21,100,11,2669.1,S12_1666,Small
10322,C062,27,100,9,4784.13,S12_1666,Medium
10333,C058,33,99.21,6,3273.93,S12_1666,Medium
10347,C006,29,100,3,3586.43,S12_1666,Medium
10357,C057,49,100,8,5960.36,S12_1666,Medium
10370,C003,49,100,8,8470.14,S12_1666,Large
10381,C024,20,100,1,2952,S12_1666,Small
10391,C003,39,63.2,9,2464.8,S12_1666,Small
10411,C067,40,100,6,6232,S12_1666,Medium
10424,C034,49,100,3,7969.36,S12_1666,Large
10107,C046,21,100,1,3036.6,S12_2823,Medium
10121,C068,50,100,4,8284,S12_2823,Large
10134,C048,20,100,1,2711.2,S12_2823,Small
10145,C087,49,100,5,8339.8,S12_2823,Large
10159,C024,38,100,13,6238.84,S12_2823,Medium
10169,C003,35,100,13,4639.25,S12_2823,Medium
10180,C027,40,100,8,6747.6,S12_2823,Medium
10189,C087,28,100,1,4512.48,S12_2823,Medium
10201,C058,25,100,1,4029,S12_2823,Medium
10211,C009,36,100,13,4771.8,S12_2823,Medium
10224,C027,43,100,6,6087.94,S12_2823,Medium
10237,C090,32,100,6,4193.28,S12_2823,Medium
10251,C082,46,100,1,7552.28,S12_2823,Large
10263,C036,48,100,1,6434.4,S12_2823,Medium
10276,C063,43,100,14,5181.5,S12_2823,Medium
10285,C050,49,100,5,6863.92,S12_2823,Medium
10299,C086,24,100,8,4157.04,S12_2823,Medium
10309,C012,26,100,4,4660.24,S12_2823,Medium
10319,C052,30,100,9,4111.8,S12_2823,Medium
10329,C046,24,100,6,3542.64,S12_2823,Medium
10341,C072,55,100,8,8118.55,S12_2823,Large
10362,C081,22,100,1,3877.06,S12_2823,Medium
10375,C045,49,78.92,13,3867.08,S12_2823,Medium
10388,C035,44,100,6,5951.44,S12_2823,Medium
10403,C088,66,100,6,8648.64,S12_2823,Large
10417,C034,21,100,1,3447.78,S12_2823,Medium
10104,C034,34,100,1,5958.5,S12_3148,Medium
10117,C032,43,100,10,5911.64,S12_3148,Medium
10127,C060,46,100,3,7366.44,S12_3148,Large
10142,C057,33,100,13,4985.64,S12_3148,Medium
10153,C034,42,100,12,5393.64,S12_3148,Medium
10165,C032,34,100,4,4880.02,S12_3148,Medium
10176,C047,47,100,3,8378.69,S12_3148,Large
10185,C056,33,100,14,4038.21,S12_3148,Medium
10196,C080,24,100,6,3807.12,S12_3148,Medium
10208,C073,26,100,14,3142.36,S12_3148,Medium
10220,C021,30,100,3,4713.6,S12_3148,Medium
10230,C014,43,100,1,7016.31,S12_3148,Large
10247,C079,25,100,3,4381.25,S12_3148,Medium
10272,C029,27,100,3,4283.01,S12_3148,Medium
10282,C057,27,100,6,4364.82,S12_3148,Medium
10293,C002,24,100,9,4242.24,S12_3148,Medium
10306,C011,34,100,14,4982.7,S12_3148,Medium
10314,C041,46,100,6,6393.54,S12_3148,Medium
10324,C090,27,54.33,1,1466.91,S12_3148,Small
10336,C044,33,100,11,4059.33,S12_3148,Medium
10348,C025,47,100,4,4801.52,S12_3148,Medium
10358,C034,49,55.34,5,2711.66,S12_3148,Small
10372,C084,40,100,4,5862,S12_3148,Medium
10382,C057,37,100,11,4071.85,S12_3148,Medium
10413,C036,47,100,3,8236.75,S12_3148,Large
10108,C026,45,100,4,6130.35,S12_3380,Medium
10122,C049,37,99.82,8,3693.34,S12_3380,Medium
10135,C057,48,100,5,6031.68,S12_3380,Medium
10147,C023,31,100,5,3494.94,S12_3380,Medium
10160,C051,46,100,6,5294.14,S12_3380,Medium
10170,C053,47,100,4,5464.69,S12_3380,Medium
10181,C042,28,100,12,2860.76,S12_3380,Small
10191,C085,40,100,1,5590,S12_3380,Medium
10203,C034,20,100,6,2254.8,S12_3380,Small
10212,C034,39,100,16,4946.76,S12_3380,Medium
10225,C089,25,99.82,7,2495.5,S12_3380,Small
10238,C028,29,100,1,3167.38,S12_3380,Medium
10253,C088,22,100,11,2402.84,S12_3380,Small
10266,C047,22,100,12,2454.54,S12_3380,Small
10276,C063,47,100,1,5464.69,S12_3380,Medium
10287,C089,45,100,10,4756.5,S12_3380,Medium
10300,C014,29,100,3,3984.6,S12_3380,Medium
10310,C085,24,100,8,3100.32,S12_3380,Medium
10320,C091,35,100,1,4850.3,S12_3380,Medium
10329,C046,46,83.63,13,3846.98,S12_3380,Medium
10341,C072,44,95.93,1,4220.92,S12_3380,Medium
10363,C079,34,96.73,4,3288.82,S12_3380,Medium
10376,C015,35,100,1,3987.2,S12_3380,Medium
10389,C074,25,72.38,6,1809.5,S12_3380,Small
10419,C072,10,100,11,1092.2,S12_3380,Small
10105,C028,29,100,14,4566.05,S12_3891,Medium
10117,C032,39,100,8,5938.14,S12_3891,Medium
10127,C060,42,100,1,8138.76,S12_3891,Large
10142,C057,46,100,11,9470.94,S12_3891,Large
10153,C034,49,100,10,7036.89,S12_3891,Large
10165,C032,27,100,2,5559.03,S12_3891,Medium
10176,C047,50,100,1,7872.5,S12_3891,Large
10185,C056,43,100,12,7886.2,S12_3891,Large
10196,C080,38,100,4,7232.16,S12_3891,Large
10208,C073,20,100,12,3114.4,S12_3891,Medium
10220,C021,27,100,1,5045.22,S12_3891,Medium
10231,C016,49,100,1,6952.12,S12_3891,Medium
10247,C079,27,100,1,4157.73,S12_3891,Medium
10272,C029,39,100,1,7962.24,S12_3891,Large
10282,C057,24,100,4,3778.8,S12_3891,Medium
10293,C002,45,100,7,8253,S12_3891,Large
10306,C011,20,100,12,3633.4,S12_3891,Medium
10314,C041,36,100,4,6913.8,S12_3891,Medium
10325,C012,24,100,1,2583.6,S12_3891,Small
10336,C044,49,63.38,1,3105.62,S12_3891,Medium
10349,C060,26,100,10,4408.56,S12_3891,Medium
10359,C068,49,62.09,5,3042.41,S12_3891,Medium
10372,C084,34,100,1,5941.5,S12_3891,Medium
10382,C057,34,95.35,12,3241.9,S12_3891,Medium
10396,C057,33,100,3,6109.29,S12_3891,Medium
10413,C036,22,100,1,3387.78,S12_3891,Medium
10108,C026,39,89.38,7,3485.82,S12_3990,Medium
10122,C049,32,63.84,11,2042.88,S12_3990,Small
10135,C057,24,75.01,8,1800.24,S12_3990,Small
10147,C023,21,63.84,8,1340.64,S12_3990,Small
10159,C024,24,73.42,3,1762.08,S12_3990,Small
10169,C003,36,63.84,3,2298.24,S12_3990,Small
10181,C042,20,81.4,15,1628,S12_3990,Small
10191,C085,30,64.64,4,1939.2,S12_3990,Small
10203,C034,44,82.99,9,3651.56,S12_3990,Medium
10211,C009,28,92.57,3,2591.96,S12_3990,Small
10225,C089,37,77.41,10,2864.17,S12_3990,Small
10238,C028,20,74.21,4,1484.2,S12_3990,Small
10253,C088,25,90.17,14,2254.25,S12_3990,Small
10266,C047,35,76.61,15,2681.35,S12_3990,Small
10276,C063,38,83.79,4,3184.02,S12_3990,Medium
10287,C089,41,69.43,13,2846.63,S12_3990,Small
10300,C014,22,76.61,6,1685.42,S12_3990,Small
10310,C085,49,81.4,11,3988.6,S12_3990,Medium
10320,C091,38,73.42,4,2789.96,S12_3990,Small
10329,C046,33,100,14,3607.56,S12_3990,Medium
10341,C072,36,93.56,10,3368.16,S12_3990,Medium
10363,C079,34,81.62,5,2775.08,S12_3990,Small
10377,C086,24,67.83,5,1627.92,S12_3990,Small
10389,C074,36,70.26,7,2529.36,S12_3990,Small
10419,C072,34,90.17,14,3065.78,S12_3990,Medium
10104,C034,41,100,9,4615.78,S12_4473,Medium
10115,C020,46,100,5,5723.78,S12_4473,Medium
10127,C060,24,100,11,2559.6,S12_4473,Small
10141,C079,21,100,5,2140.11,S12_4473,Small
10151,C065,24,100,3,3327.6,S12_4473,Medium
10165,C032,48,100,12,6825.6,S12_4473,Medium
10175,C078,26,100,1,3543.28,S12_4473,Medium
10184,C043,37,100,6,4516.22,S12_4473,Medium
10195,C055,49,100,6,6445.46,S12_4473,Medium
10207,C030,34,99.54,7,3384.36,S12_4473,Medium
10219,C075,48,100,2,4891.68,S12_4473,Medium
10229,C057,36,100,1,4521.96,S12_4473,Medium
10246,C034,46,100,5,5069.66,S12_4473,Medium
10259,C040,46,100,4,6541.2,S12_4473,Medium
10271,C057,31,97.17,5,3012.27,S12_4473,Medium
10281,C029,41,100,1,5247.18,S12_4473,Medium
10292,C046,21,100,8,2214.87,S12_4473,Small
10305,C050,38,100,5,4773.18,S12_4473,Medium
10314,C041,45,100,14,6185.7,S12_4473,Medium
10324,C090,26,58.38,7,1517.88,S12_4473,Small
10336,C044,38,100,3,6372.6,S12_4473,Medium
10349,C060,48,100,9,5232.96,S12_4473,Medium
10358,C034,42,64.16,9,2694.72,S12_4473,Small
10371,C057,49,35.71,4,1749.79,S12_4473,Small
10382,C057,32,66.58,13,2130.56,S12_4473,Small
10412,C034,54,100,5,5951.34,S12_4473,Medium
10425,C045,33,100,4,4692.6,S12_4473,Medium
10108,C026,36,100,3,3731.04,S12_4675,Medium
10122,C049,20,100,7,2142,S12_4675,Small
10135,C057,29,97.89,4,2838.81,S12_4675,Small
10147,C023,33,97.89,4,3230.37,S12_4675,Medium
10160,C051,50,100,5,5182,S12_4675,Medium
10170,C053,41,100,3,4391.1,S12_4675,Medium
10181,C042,36,100,11,4477.32,S12_4675,Medium
10192,C062,27,100,16,3544.56,S12_4675,Medium
10203,C034,47,100,5,5195.85,S12_4675,Medium
10212,C034,33,100,15,4180.44,S12_4675,Medium
10225,C089,21,100,6,2684.43,S12_4675,Small
10239,C065,21,93.28,5,1958.88,S12_4675,Small
10253,C088,41,100,10,4910.57,S12_4675,Medium
10266,C047,40,100,11,4468.4,S12_4675,Medium
10277,C032,28,100,1,3127.88,S12_4675,Medium
10287,C089,23,100,9,2675.13,S12_4675,Small
10300,C014,23,100,2,2807.61,S12_4675,Small
10310,C085,25,100,7,2504.75,S12_4675,Small
10321,C035,24,100,15,2984.88,S12_4675,Small
10329,C046,39,64.74,15,2524.86,S12_4675,Small
10341,C072,55,75.2,7,4136,S12_4675,Medium
10363,C079,46,88.45,6,4068.7,S12_4675,Medium
10377,C086,50,100,1,5182,S12_4675,Medium
10389,C074,47,100,8,5243.79,S12_4675,Medium
10405,C054,97,93.28,5,9048.16,S12_4675,Large
10419,C072,32,100,10,3832.64,S12_4675,Medium
10103,C012,35,100,10,3920,S18_1097,Medium
10113,C057,49,100,4,4916.66,S18_1097,Medium
10126,C025,38,100,10,3857,S18_1097,Medium
10140,C081,32,100,10,4181.44,S18_1097,Medium
10150,C032,34,100,7,4641,S18_1097,Medium
10164,C053,36,99.17,8,3570.12,S18_1097,Medium
10174,C007,48,93.34,3,4480.32,S18_1097,Medium
10183,C019,21,96.84,7,2033.64,S18_1097,Small
10194,C073,21,93.34,10,1960.14,S18_1097,Small
10206,C018,34,100,5,3966.78,S18_1097,Medium
10215,C092,46,100,2,5152,S18_1097,Medium
10228,C017,32,100,1,3360,S18_1097,Medium
10245,C080,29,100,8,3451,S18_1097,Medium
10258,C084,41,100,5,5453,S18_1097,Medium
10270,C077,43,96.84,8,4164.12,S18_1097,Medium
10280,C002,24,100,1,2800.08,S18_1097,Small
10291,C074,41,100,10,4687.94,S18_1097,Medium
10304,C008,46,98,5,4508,S18_1097,Medium
10312,C057,32,100,2,4181.44,S18_1097,Medium
10322,C062,22,100,10,2251.04,S18_1097,Small
10333,C058,29,40.25,7,1167.25,S18_1097,Small
10347,C006,42,49.6,5,2083.2,S18_1097,Small
10357,C057,39,98,1,3822,S18_1097,Medium
10370,C003,27,100,1,3911.49,S18_1097,Medium
10381,C024,48,98,2,4704,S18_1097,Medium
10391,C003,29,85.1,10,2467.9,S18_1097,Small
10411,C067,27,100,8,3213,S18_1097,Medium
10424,C034,54,100,5,7182,S18_1097,Large
10109,C059,26,100,4,4379.18,S18_1129,Medium
10122,C049,34,100,2,5004.8,S18_1129,Medium
10136,C001,25,100,2,3644.75,S18_1129,Medium
10148,C003,23,100,13,2702.04,S18_1129,Small
10161,C041,28,100,12,3764.88,S18_1129,Medium
10171,C067,35,100,2,4508,S18_1129,Medium
10181,C042,44,100,6,5418.16,S18_1129,Medium
10192,C062,22,100,11,3300.66,S18_1129,Medium
10204,C060,42,100,17,6182.4,S18_1129,Medium
10212,C034,29,100,10,4186.73,S18_1129,Medium
10225,C089,32,100,1,4529.28,S18_1129,Medium
10240,C064,41,100,3,5628.89,S18_1129,Medium
10253,C088,26,100,5,3054.48,S18_1129,Medium
10266,C047,21,100,6,2526.51,S18_1129,Small
10278,C076,34,100,6,4667.86,S18_1129,Medium
10287,C089,41,100,4,6499.32,S18_1129,Medium
10301,C061,37,100,8,5917.78,S18_1129,Medium
10310,C085,37,100,2,6231.91,S18_1129,Medium
10321,C035,41,100,10,5803.14,S18_1129,Medium
10331,C059,46,100,6,6434.02,S18_1129,Medium
10342,C006,40,100,2,6454.4,S18_1129,Medium
10356,C048,43,97.6,8,4196.8,S18_1129,Medium
10365,C056,30,87.06,1,2611.8,S18_1129,Small
10377,C086,35,100,2,5895.05,S18_1129,Medium
10390,C057,36,93.77,14,3375.72,S18_1129,Medium
10406,C028,61,100,3,8374.69,S18_1129,Large
10419,C072,38,100,5,4464.24,S18_1129,Medium
10102,C090,39,100,2,4808.31,S18_1342,Medium
10111,C058,33,99.66,6,3288.78,S18_1342,Medium
10125,C006,32,100,1,3254.72,S18_1342,Medium
10139,C077,31,100,7,3184.94,S18_1342,Medium
10149,C075,50,100,4,5907.5,S18_1342,Medium
10162,C024,48,91.44,2,4389.12,S18_1342,Medium
10173,C069,43,100,6,5036.16,S18_1342,Medium
10182,C057,25,87.33,3,2183.25,S18_1342,Small
10193,C005,28,100,7,3106.88,S18_1342,Medium
10205,C034,36,100,2,3735.72,S18_1342,Medium
10215,C092,27,89.38,10,2413.26,S18_1342,Small
10227,C073,25,100,3,2953.75,S18_1342,Small
10244,C034,40,100,7,4684.8,S18_1342,Medium
10256,C028,34,95.55,2,3248.7,S18_1342,Medium
10280,C002,50,100,9,5239.5,S18_1342,Medium
10289,C042,38,100,2,4567.98,S18_1342,Medium
10304,C008,37,95.55,13,3535.35,S18_1342,Medium
10312,C057,43,89.38,10,3843.34,S18_1342,Medium
10322,C062,43,86.3,14,3710.9,S18_1342,Medium
10332,C011,46,95.13,15,4375.98,S18_1342,Medium
10346,C076,42,36.11,3,1516.62,S18_1342,Small
10356,C048,50,50.18,9,2509,S18_1342,Small
10369,C023,44,100,8,9240.44,S18_1342,Large
10380,C034,27,93.16,13,2515.32,S18_1342,Small
10391,C003,35,100,2,5548.9,S18_1342,Medium
10422,C029,51,95.55,2,4873.05,S18_1342,Medium
10102,C090,41,50.14,1,2055.74,S18_1367,Small
10111,C058,48,49.06,5,2354.88,S18_1367,Small
10126,C025,42,54.99,17,2309.58,S18_1367,Small
10139,C077,49,43.13,6,2113.37,S18_1367,Small
10149,C075,30,58.22,3,1746.6,S18_1367,Small
10162,C024,45,51.21,1,2304.45,S18_1367,Small
10173,C069,48,44.21,5,2122.08,S18_1367,Small
10182,C057,32,54.45,2,1742.4,S18_1367,Small
10193,C005,46,53.37,6,2455.02,S18_1367,Small
10205,C034,48,63.61,1,3053.28,S18_1367,Medium
10215,C092,33,43.13,9,1423.29,S18_1367,Small
10227,C073,31,48.52,2,1504.12,S18_1367,Small
10244,C034,20,58.22,6,1164.4,S18_1367,Small
10256,C028,29,51.75,1,1500.75,S18_1367,Small
10280,C002,27,57.68,8,1557.36,S18_1367,Small
10289,C042,24,56.07,1,1345.68,S18_1367,Small
10304,C008,37,48.52,12,1795.24,S18_1367,Small
10312,C057,25,44.21,9,1105.25,S18_1367,Small
10322,C062,41,57.68,5,2364.88,S18_1367,Small
10332,C011,27,89.89,16,2427.03,S18_1367,Small
10347,C006,21,58.95,7,1237.95,S18_1367,Small
10356,C048,22,72.41,6,1593.02,S18_1367,Small
10369,C023,32,98.63,7,3156.16,S18_1367,Medium
10381,C024,25,52.83,9,1320.75,S18_1367,Small
10391,C003,42,100,3,4998,S18_1367,Medium
10422,C029,25,51.75,1,1293.75,S18_1367,Small
10110,C011,37,100,16,5433.08,S18_1589,Medium
10123,C004,26,100,2,3073.72,S18_1589,Medium
10137,C068,44,99.55,2,4380.2,S18_1589,Medium
10148,C003,47,100,9,5848.68,S18_1589,Medium
10161,C041,43,100,8,6153.73,S18_1589,Medium
10172,C036,42,100,6,4965.24,S18_1589,Medium
10181,C042,42,100,2,5435.64,S18_1589,Medium
10192,C062,29,100,7,4258.36,S18_1589,Medium
10204,C060,40,100,13,4032,S18_1589,Medium
10212,C034,38,100,6,4492.36,S18_1589,Medium
10226,C022,38,100,4,4161.38,S18_1589,Medium
10241,C054,21,100,11,2508.66,S18_1589,Small
10253,C088,24,100,1,3374.88,S18_1589,Medium
10266,C047,36,100,2,5196.6,S18_1589,Medium
10278,C076,23,100,2,2604.52,S18_1589,Small
10288,C040,20,100,14,2936.8,S18_1589,Small
10301,C061,32,100,4,3424.64,S18_1589,Medium
10311,C034,29,100,9,2923.2,S18_1589,Small
10321,C035,44,100,6,4489.76,S18_1589,Medium
10331,C059,44,100,14,4849.24,S18_1589,Medium
10343,C068,36,100,4,5848.92,S18_1589,Medium
10367,C087,49,56.3,1,2758.7,S18_1589,Small
10378,C034,34,42.64,5,1449.76,S18_1589,Small
10407,C083,59,100,11,7048.14,S18_1589,Large
10419,C072,37,100,1,5202.94,S18_1589,Medium
10106,C069,36,100,12,5279.4,S18_1662,Medium
10119,C072,43,100,3,6916.12,S18_1662,Medium
10131,C037,21,100,4,2781.66,S18_1662,Small
10143,C056,32,100,7,5248,S18_1662,Medium
10155,C086,38,100,5,6531.44,S18_1662,Medium
10167,C074,43,100,1,5763.72,S18_1662,Medium
10178,C001,42,100,4,6490.68,S18_1662,Medium
10186,C031,32,100,1,6004.8,S18_1662,Medium
10198,C026,42,100,4,7483.98,S18_1662,Large
10210,C064,31,100,17,5719.5,S18_1662,Medium
10222,C022,49,100,4,6954.08,S18_1662,Medium
10250,C083,45,100,14,8160.3,S18_1662,Large
10262,C034,49,100,9,6567.96,S18_1662,Medium
10274,C023,41,100,1,6724,S18_1662,Medium
10284,C061,45,100,11,5747.85,S18_1662,Medium
10296,C013,36,100,7,5676.84,S18_1662,Medium
10307,C019,39,100,1,7379.97,S18_1662,Large
10316,C039,27,100,9,3704.13,S18_1662,Medium
10327,C028,25,100,6,2804.75,S18_1662,Small
10338,C071,41,100,1,5624.79,S18_1662,Medium
10351,C078,39,99.52,1,3881.28,S18_1662,Medium
10373,C065,28,57.55,4,1611.4,S18_1662,Small
10386,C034,25,54.57,7,1364.25,S18_1662,Small
10398,C068,33,100,11,4215.09,S18_1662,Medium
10400,C083,34,100,1,6433.82,S18_1662,Medium
10416,C047,24,100,14,4352.16,S18_1662,Medium
10100,C062,30,100,3,5151,S18_1749,Medium
10110,C011,42,100,7,6069,S18_1749,Medium
10124,C076,21,100,6,2856,S18_1749,Small
10149,C075,34,100,11,5375.4,S18_1749,Medium
10162,C024,29,100,9,5176.5,S18_1749,Medium
10173,C069,24,100,13,3508.8,S18_1749,Medium
10182,C057,44,100,10,7554.8,S18_1749,Large
10193,C005,21,100,14,3141.6,S18_1749,Medium
10204,C060,33,100,4,5890.5,S18_1749,Medium
10214,C025,30,100,7,5967,S18_1749,Medium
10227,C073,26,100,10,3712.8,S18_1749,Medium
10241,C054,41,100,2,7597.3,S18_1749,Large
10280,C002,26,100,16,3668.6,S18_1749,Medium
10288,C040,32,100,5,5875.2,S18_1749,Medium
10302,C088,43,100,1,7310,S18_1749,Large
10312,C057,48,100,17,8078.4,S18_1749,Large
10331,C059,44,74.04,7,3257.76,S18_1749,Medium
10344,C049,45,100,1,7650,S18_1749,Large
10367,C087,37,100,3,4703.81,S18_1749,Medium
10379,C034,39,100,2,5399.55,S18_1749,Medium
10407,C083,76,100,2,14082.8,S18_1749,Large
10420,C077,37,100,5,5283.6,S18_1749,Medium
10108,C026,38,82.39,2,3130.82,S18_1889,Medium
10122,C049,43,72.38,6,3112.34,S18_1889,Medium
10135,C057,48,79.31,3,3806.88,S18_1889,Medium
10147,C023,26,82.39,3,2142.14,S18_1889,Small
10160,C051,38,88.55,4,3364.9,S18_1889,Medium
10170,C053,20,63.14,2,1262.8,S18_1889,Small
10181,C042,22,73.92,10,1626.24,S18_1889,Small
10192,C062,45,90.86,15,4088.7,S18_1889,Medium
10203,C034,45,85.47,4,3846.15,S18_1889,Medium
10212,C034,20,66.99,14,1339.8,S18_1889,Small
10225,C089,47,64.68,5,3039.96,S18_1889,Medium
10239,C065,46,73.92,4,3400.32,S18_1889,Medium
10253,C088,23,83.93,9,1930.39,S18_1889,Small
10266,C047,33,74.69,10,2464.77,S18_1889,Small
10278,C076,29,90.86,10,2634.94,S18_1889,Small
10287,C089,44,82.39,8,3625.16,S18_1889,Medium
10300,C014,41,92.4,1,3788.4,S18_1889,Medium
10310,C085,20,91.63,6,1832.6,S18_1889,Small
10321,C035,37,78.54,14,2905.98,S18_1889,Small
10329,C046,29,100,9,2954.81,S18_1889,Small
10342,C006,55,65.45,1,3599.75,S18_1889,Medium
10363,C079,22,100,7,3686.54,S18_1889,Medium
10377,C086,31,67.76,4,2100.56,S18_1889,Small
10389,C074,49,79.22,3,3881.78,S18_1889,Medium
10405,C054,61,73.92,4,4509.12,S18_1889,Medium
10419,C072,39,83.93,9,3273.27,S18_1889,Medium
10109,C059,38,100,3,4432.7,S18_1984,Medium
10122,C049,31,100,1,4100.99,S18_1984,Medium
10136,C001,36,100,1,5274.72,S18_1984,Medium
10148,C003,25,100,12,4232,S18_1984,Medium
10161,C041,48,100,11,6145.44,S18_1984,Medium
10171,C067,35,100,1,4680.2,S18_1984,Medium
10181,C042,21,100,5,3286.08,S18_1984,Medium
10192,C062,47,100,10,7421.3,S18_1984,Large
10204,C060,38,100,16,6432.64,S18_1984,Medium
10212,C034,41,100,9,4840.87,S18_1984,Medium
10226,C022,24,100,7,3892.08,S18_1984,Medium
10240,C064,37,100,2,5526.32,S18_1984,Medium
10253,C088,33,100,4,4459.62,S18_1984,Medium
10266,C047,49,100,5,6203.4,S18_1984,Medium
10278,C076,29,100,5,3754.05,S18_1984,Medium
10287,C089,24,100,3,3516.48,S18_1984,Medium
10301,C061,47,100,7,7488.04,S18_1984,Large
10310,C085,24,100,1,3448.08,S18_1984,Medium
10321,C035,25,100,9,3734,S18_1984,Medium
10331,C059,30,32.47,8,974.1,S18_1984,Small
10342,C006,22,100,3,3160.74,S18_1984,Medium
10356,C048,27,64.69,2,1746.63,S18_1984,Small
10366,C071,34,100,3,4207.84,S18_1984,Medium
10377,C086,36,100,6,4352.76,S18_1984,Medium
10390,C057,34,43.05,15,1463.7,S18_1984,Small
10406,C028,48,100,2,7169.28,S18_1984,Large
10419,C072,34,100,4,4594.76,S18_1984,Medium
10104,C034,24,100,8,3457.92,S18_2238,Medium
10115,C020,46,100,4,7381.16,S18_2238,Large
10127,C060,45,100,10,7146.9,S18_2238,Large
10141,C079,39,100,4,5938.53,S18_2238,Medium
10151,C065,43,100,2,7110.91,S18_2238,Large
10165,C032,29,100,11,5032.95,S18_2238,Medium
10176,C047,20,100,10,3667.6,S18_2238,Medium
10184,C043,46,100,5,7381.16,S18_2238,Large
10195,C055,27,100,5,5128.11,S18_2238,Medium
10207,C030,44,100,6,7060.24,S18_2238,Large
10219,C075,43,100,1,8448.64,S18_2238,Large
10230,C014,49,100,8,7300.51,S18_2238,Large
10246,C034,40,100,4,6549.2,S18_2238,Medium
10259,C040,30,100,3,5697.9,S18_2238,Medium
10271,C057,50,100,4,9169,S18_2238,Large
10282,C057,23,100,13,3238.63,S18_2238,Medium
10292,C046,26,100,7,4554.94,S18_2238,Medium
10305,C050,27,100,4,3934.44,S18_2238,Medium
10314,C041,42,100,13,5776.26,S18_2238,Medium
10324,C090,47,100,8,7207.45,S18_2238,Large
10336,C044,49,100,6,7460.74,S18_2238,Large
10349,C060,38,100,8,6719.54,S18_2238,Medium
10358,C034,20,100,10,2428,S18_2238,Small
10371,C057,25,100,7,2602.25,S18_2238,Small
10382,C057,25,88,5,2200,S18_2238,Small
10412,C034,41,100,4,6712.93,S18_2238,Medium
10425,C045,28,100,3,5318.04,S18_2238,Medium
10100,C062,50,67.8,2,3390,S18_2248,Medium
10110,C011,32,50.25,6,1608,S18_2248,Small
10124,C076,42,53.88,5,2262.96,S18_2248,Small
10149,C075,24,62.36,10,1496.64,S18_2248,Small
10162,C024,27,69.62,8,1879.74,S18_2248,Small
10173,C069,26,57.51,12,1495.26,S18_2248,Small
10182,C057,38,61.15,9,2323.7,S18_2248,Small
10193,C005,42,59.33,13,2491.86,S18_2248,Small
10204,C060,23,71.44,3,1643.12,S18_2248,Small
10214,C025,21,62.96,6,1322.16,S18_2248,Small
10227,C073,28,50.85,9,1423.8,S18_2248,Small
10241,C054,33,72.65,1,2397.45,S18_2248,Small
10280,C002,25,62.96,15,1574,S18_2248,Small
10288,C040,28,61.75,4,1729,S18_2248,Small
10303,C043,46,49.04,2,2255.84,S18_2248,Small
10312,C057,30,61.15,16,1834.5,S18_2248,Small
10332,C011,38,84.25,9,3201.5,S18_2248,Medium
10344,C049,40,56.91,2,2276.4,S18_2248,Small
10367,C087,45,100,4,8884.8,S18_2248,Large
10379,C034,27,49.3,1,1331.1,S18_2248,Small
10407,C083,42,72.65,1,3051.3,S18_2248,Medium
10420,C077,36,63.57,4,2288.52,S18_2248,Small
10104,C034,29,100,12,3772.61,S18_2319,Medium
10114,C044,39,100,3,4164.42,S18_2319,Medium
10127,C060,45,100,14,6295.95,S18_2319,Medium
10141,C079,47,100,8,6287.66,S18_2319,Medium
10151,C065,49,100,6,5412.54,S18_2319,Medium
10165,C032,46,100,15,5984.14,S18_2319,Medium
10175,C078,48,100,4,5891.04,S18_2319,Medium
10184,C043,46,100,9,5984.14,S18_2319,Medium
10195,C055,35,100,9,3608.15,S18_2319,Medium
10207,C030,43,100,10,5752.54,S18_2319,Medium
10229,C057,26,100,4,3765.32,S18_2319,Medium
10246,C034,22,98.18,8,2159.96,S18_2319,Small
10259,C040,34,99.41,7,3379.94,S18_2319,Medium
10271,C057,50,100,8,5093.5,S18_2319,Medium
10281,C029,48,100,4,5773.44,S18_2319,Medium
10292,C046,41,100,11,4528.86,S18_2319,Medium
10305,C050,36,100,8,4816.08,S18_2319,Medium
10313,C018,29,100,2,3416.78,S18_2319,Medium
10324,C090,33,37.48,10,1236.84,S18_2319,Small
10334,C091,46,100,6,5814.86,S18_2319,Medium
10349,C060,38,100,7,5223.48,S18_2319,Medium
10358,C034,20,36.42,11,728.4,S18_2319,Small
10370,C003,22,100,5,3949,S18_2319,Medium
10383,C034,27,100,11,3843.99,S18_2319,Medium
10412,C034,56,98.18,8,5498.08,S18_2319,Medium
10425,C045,38,99.41,7,3777.58,S18_2319,Medium
10101,C014,25,100,4,3782,S18_2325,Medium
10110,C011,33,100,4,3859.68,S18_2325,Medium
10124,C076,42,100,3,4431.84,S18_2325,Medium
10149,C075,33,100,8,4950.33,S18_2325,Medium
10162,C024,38,100,6,4299.7,S18_2325,Medium
10173,C069,31,100,10,4492.83,S18_2325,Medium
10182,C057,20,100,7,2212,S18_2325,Small
10193,C005,44,100,11,4642.88,S18_2325,Medium
10204,C060,26,100,1,3206.32,S18_2325,Medium
10214,C025,27,100,4,3604.23,S18_2325,Medium
10227,C073,46,100,7,7017.76,S18_2325,Large
10243,C030,47,100,2,6154.18,S18_2325,Medium
10280,C002,37,100,13,4750.8,S18_2325,Medium
10288,C040,31,100,2,3822.92,S18_2325,Medium
10304,C008,24,100,17,2440.8,S18_2325,Small
10312,C057,31,100,14,4729.36,S18_2325,Medium
10322,C062,50,100,6,12536.5,S18_2325,Large
10332,C011,35,64.69,8,2264.15,S18_2325,Small
10344,C049,30,100,3,3928.2,S18_2325,Medium
10356,C048,29,100,3,3630.22,S18_2325,Medium
10367,C087,27,100,5,4196.07,S18_2325,Medium
10380,C034,40,100,10,4931.6,S18_2325,Medium
10390,C057,31,98.99,16,3068.69,S18_2325,Medium
10409,C040,6,100,2,785.64,S18_2325,Small
10420,C077,45,100,2,4977,S18_2325,Medium
10103,C012,22,54.09,2,1189.98,S18_2432,Small
10114,C044,45,68.67,6,3090.15,S18_2432,Medium
10126,C025,43,65.02,2,2795.86,S18_2432,Small
10140,C081,46,61.99,2,2851.54,S18_2432,Small
10151,C065,39,69.28,9,2701.92,S18_2432,Small
10165,C032,31,71.1,18,2204.1,S18_2432,Small
10175,C078,41,69.28,7,2840.48,S18_2432,Small
10184,C043,44,60.16,12,2647.04,S18_2432,Small
10194,C073,45,70.49,2,3172.05,S18_2432,Medium
10207,C030,37,69.89,13,2585.93,S18_2432,Small
10217,C040,35,61.38,2,2148.3,S18_2432,Small
10229,C057,28,59.55,7,1667.4,S18_2432,Small
10246,C034,30,61.99,11,1859.7,S18_2432,Small
10259,C040,30,49.22,10,1476.6,S18_2432,Small
10271,C057,25,69.28,11,1732,S18_2432,Small
10281,C029,29,57.73,7,1674.17,S18_2432,Small
10291,C074,26,57.73,2,1500.98,S18_2432,Small
10305,C050,41,53.48,11,2192.68,S18_2432,Small
10313,C018,34,52.87,5,1797.58,S18_2432,Small
10322,C062,35,61.21,11,2142.35,S18_2432,Small
10334,C091,34,61.38,1,2086.92,S18_2432,Small
10347,C006,50,100,8,6834.5,S18_2432,Medium
10357,C057,41,61.99,7,2541.59,S18_2432,Small
10370,C003,22,96.86,7,2130.92,S18_2432,Small
10381,C024,35,48.62,7,1701.7,S18_2432,Small
10391,C003,44,38.5,5,1694,S18_2432,Small
10412,C034,47,61.99,11,2913.53,S18_2432,Small
10425,C045,19,49.22,10,935.18,S18_2432,Small
10106,C069,34,90.39,2,3073.26,S18_2581,Medium
10120,C006,29,71.81,8,2082.49,S18_2581,Small
10133,C034,49,69.27,3,3394.23,S18_2581,Medium
10145,C087,30,85.32,14,2559.6,S18_2581,Small
10168,C081,21,70.96,9,1490.16,S18_2581,Small
10210,C064,50,76.88,7,3844,S18_2581,Medium
10223,C006,47,100,9,4724.91,S18_2581,Medium
10235,C070,24,76.03,3,1824.72,S18_2581,Small
10250,C083,27,98.84,4,2668.68,S18_2581,Small
10263,C036,33,86.17,10,2843.61,S18_2581,Small
10275,C045,35,90.39,9,3163.65,S18_2581,Medium
10284,C061,31,71.81,1,2226.11,S18_2581,Small
10297,C021,25,82.79,4,2069.75,S18_2581,Small
10308,C055,27,82.79,7,2235.33,S18_2581,Small
10318,C029,31,100,9,3116.43,S18_2581,Medium
10327,C028,45,100,8,4781.7,S18_2581,Medium
10339,C084,27,100,2,2810.7,S18_2581,Small
10353,C037,27,100,1,3515.67,S18_2581,Medium
10374,C007,42,69.27,2,2909.34,S18_2581,Small
10386,C034,21,74.77,18,1570.17,S18_2581,Small
10398,C068,34,76.88,15,2613.92,S18_2581,Small
10401,C082,42,76.03,3,3193.26,S18_2581,Medium
10416,C047,15,98.84,4,1482.6,S18_2581,Small
10107,C046,29,70.87,6,2055.23,S18_2625,Small
10120,C006,46,58.15,4,2674.9,S18_2625,Small
10134,C048,30,61.78,6,1853.4,S18_2625,Small
10145,C087,30,49.67,10,1490.1,S18_2625,Small
10159,C024,42,51.48,18,2162.16,S18_2625,Small
10168,C081,46,61.18,5,2814.28,S18_2625,Small
10180,C027,25,64.2,13,1605,S18_2625,Small
10188,C042,32,65.42,5,2093.44,S18_2625,Small
10201,C058,30,64.81,6,1944.3,S18_2625,Small
10210,C064,40,49.67,3,1986.8,S18_2625,Small
10223,C006,28,60.57,5,1695.96,S18_2625,Small
10236,C059,23,55.72,2,1281.56,S18_2625,Small
10251,C082,29,61.18,6,1774.22,S18_2625,Small
10263,C036,34,58.75,6,1997.5,S18_2625,Small
10275,C045,37,63.6,5,2353.2,S18_2625,Small
10285,C050,20,49.06,10,981.2,S18_2625,Small
10298,C004,32,48.46,2,1550.72,S18_2625,Small
10308,C055,34,52.09,3,1771.06,S18_2625,Small
10318,C029,42,52.7,5,2213.4,S18_2625,Small
10329,C046,38,100,12,5266.04,S18_2625,Medium
10339,C084,30,62.16,1,1864.8,S18_2625,Small
10362,C081,23,49.67,3,1142.41,S18_2625,Small
10374,C007,22,53.3,4,1172.6,S18_2625,Small
10389,C074,39,100,5,6981,S18_2625,Medium
10402,C009,55,55.72,2,3064.6,S18_2625,Medium
10417,C034,36,61.18,6,2202.48,S18_2625,Small
10101,C014,26,100,1,3773.38,S18_2795,Medium
10110,C011,31,100,1,5074.39,S18_2795,Medium
10125,C006,34,100,2,6483.46,S18_2795,Medium
10139,C077,41,100,8,7956.46,S18_2795,Large
10149,C075,23,100,5,4230.62,S18_2795,Medium
10162,C024,48,100,3,7209.12,S18_2795,Large
10173,C069,22,100,7,3452.68,S18_2795,Medium
10182,C057,21,100,4,3047.73,S18_2795,Medium
10193,C005,22,100,8,3675.32,S18_2795,Medium
10205,C034,40,100,3,7492.4,S18_2795,Large
10214,C025,50,100,1,9534.5,S18_2795,Large
10227,C073,29,100,4,5579.02,S18_2795,Medium
10244,C034,43,100,8,5950.34,S18_2795,Medium
10255,C054,24,100,1,3726,S18_2795,Medium
10280,C002,22,100,10,4455,S18_2795,Medium
10289,C042,43,100,3,8272.34,S18_2795,Large
10304,C008,20,100,14,3577.6,S18_2795,Medium
10312,C057,25,100,11,3881.25,S18_2795,Medium
10322,C062,36,100,2,5797.44,S18_2795,Medium
10332,C011,24,52.67,1,1264.08,S18_2795,Small
10347,C006,21,100,6,4815.3,S18_2795,Medium
10356,C048,30,100,1,4462.2,S18_2795,Medium
10367,C087,32,94.79,7,3033.28,S18_2795,Medium
10380,C034,21,47.18,8,990.78,S18_2795,Small
10390,C057,26,78.11,7,2030.86,S18_2795,Small
10421,C057,35,100,1,5433.75,S18_2795,Medium
10109,C059,26,100,1,3157.44,S18_2870,Medium
10123,C004,46,100,3,5161.2,S18_2870,Medium
10137,C068,37,100,3,4346.76,S18_2870,Medium
10148,C003,27,100,10,3528.36,S18_2870,Medium
10161,C041,23,100,9,3187.8,S18_2870,Medium
10172,C036,39,100,7,6023.16,S18_2870,Medium
10181,C042,27,100,3,3884.76,S18_2870,Medium
10192,C062,38,100,8,4965.84,S18_2870,Medium
10204,C060,27,100,14,4169.88,S18_2870,Medium
10212,C034,40,100,7,4910.4,S18_2870,Medium
10226,C022,24,100,5,3231.36,S18_2870,Medium
10241,C054,44,100,12,6853.44,S18_2870,Medium
10253,C088,37,100,2,5177.04,S18_2870,Medium
10266,C047,20,100,3,2824.8,S18_2870,Small
10278,C076,39,100,3,4324.32,S18_2870,Medium
10287,C089,44,100,1,5052.96,S18_2870,Medium
10301,C061,22,100,5,3223.44,S18_2870,Medium
10311,C034,43,100,10,5278.68,S18_2870,Medium
10321,C035,27,100,7,2851.2,S18_2870,Small
10331,C059,26,64.9,10,1687.4,S18_2870,Small
10343,C068,25,52.32,3,1308,S18_2870,Small
10366,C071,49,100,2,6144.6,S18_2870,Medium
10379,C034,29,100,5,5127.2,S18_2870,Medium
10407,C083,41,100,12,6386.16,S18_2870,Medium
10419,C072,55,100,2,7695.6,S18_2870,Large
10103,C012,27,83.07,12,2242.89,S18_2949,Small
10112,C091,23,100,2,2539.89,S18_2949,Small
10126,C025,31,90.17,12,2795.27,S18_2949,Small
10139,C077,46,100,1,5545.76,S18_2949,Medium
10150,C032,47,91.18,9,4285.46,S18_2949,Medium
10163,C020,31,100,2,3329.09,S18_2949,Medium
10174,C007,46,100,5,5592.22,S18_2949,Medium
10183,C019,37,89.15,9,3298.55,S18_2949,Medium
10193,C005,28,93.21,1,2609.88,S18_2949,Small
10206,C018,37,90.17,7,3336.29,S18_2949,Medium
10215,C092,49,100,4,5510.05,S18_2949,Medium
10228,C017,24,100,3,2504.4,S18_2949,Small
10244,C034,30,100,1,3525.6,S18_2949,Medium
10257,C083,50,88.14,1,4407,S18_2949,Medium
10270,C077,31,96.24,10,2983.44,S18_2949,Small
10280,C002,46,100,3,5126.24,S18_2949,Medium
10291,C074,47,100,12,5713.79,S18_2949,Medium
10304,C008,46,100,7,4613.8,S18_2949,Medium
10312,C057,37,100,4,3711.1,S18_2949,Medium
10322,C062,33,100,12,3524.73,S18_2949,Medium
10333,C058,31,90.17,5,2795.27,S18_2949,Small
10347,C006,48,100,9,4814.4,S18_2949,Medium
10357,C057,41,87.13,6,3572.33,S18_2949,Medium
10369,C023,42,100,1,4581.36,S18_2949,Medium
10381,C024,41,100,8,4319.76,S18_2949,Medium
10391,C003,32,45.25,6,1448,S18_2949,Small
10423,C066,10,88.14,1,881.4,S18_2949,Small
10103,C012,35,57.46,14,2011.1,S18_2957,Small
10111,C058,28,64.33,2,1801.24,S18_2957,Small
10126,C025,46,73.7,14,3390.2,S18_2957,Medium
10139,C077,20,71.2,3,1424,S18_2957,Small
10150,C032,30,49.97,11,1499.1,S18_2957,Small
10163,C020,48,69.96,4,3358.08,S18_2957,Medium
10173,C069,28,53.72,2,1504.16,S18_2957,Small
10183,C019,39,68.08,11,2655.12,S18_2957,Small
10193,C005,24,51.84,3,1244.16,S18_2957,Small
10206,C018,28,67.46,9,1888.88,S18_2957,Small
10215,C092,31,58.71,6,1820.01,S18_2957,Small
10228,C017,45,63.71,5,2866.95,S18_2957,Small
10244,C034,24,58.09,3,1394.16,S18_2957,Small
10257,C083,49,53.72,3,2632.28,S18_2957,Small
10269,C072,32,63.08,1,2018.56,S18_2957,Small
10280,C002,43,68.71,5,2954.53,S18_2957,Small
10291,C074,37,50.59,14,1871.83,S18_2957,Small
10304,C008,24,64.96,9,1559.04,S18_2957,Small
10312,C057,35,53.72,6,1880.2,S18_2957,Small
10322,C062,41,29.87,13,1224.67,S18_2957,Small
10332,C011,26,100,17,2979.08,S18_2957,Small
10347,C006,34,64.96,10,2208.64,S18_2957,Small
10357,C057,49,70.58,5,3458.42,S18_2957,Medium
10369,C023,28,44.21,6,1237.88,S18_2957,Small
10381,C024,40,68.08,4,2723.2,S18_2957,Small
10392,C053,37,59.96,3,2218.52,S18_2957,Small
10423,C066,31,53.72,3,1665.32,S18_2957,Small
10106,C069,41,83.44,18,3421.04,S18_3029,Medium
10119,C072,21,89.46,9,1878.66,S18_3029,Small
10130,C010,40,96.34,2,3853.6,S18_3029,Medium
10143,C056,46,74.84,13,3442.64,S18_3029,Medium
10155,C086,44,79.14,11,3482.16,S18_3029,Medium
10167,C074,46,73.12,7,3363.52,S18_3029,Medium
10178,C001,41,81.72,10,3350.52,S18_3029,Medium
10186,C031,32,89.46,7,2862.72,S18_3029,Small
10197,C033,46,87.74,4,4036.04,S18_3029,Medium
10209,C051,28,100,6,2817.92,S18_3029,Small
10222,C022,49,94.62,10,4636.38,S18_3029,Medium
10248,C046,21,73.98,1,1553.58,S18_3029,Small
10262,C034,32,84.3,15,2697.6,S18_3029,Small
10273,C066,34,98.06,2,3334.04,S18_3029,Medium
10283,C070,21,98.06,4,2059.26,S18_3029,Small
10296,C013,21,96.34,13,2023.14,S18_3029,Small
10307,C019,31,83.44,7,2586.64,S18_3029,Small
10316,C039,21,94.62,15,1987.02,S18_3029,Small
10327,C028,25,45.86,5,1146.5,S18_3029,Small
10338,C071,28,82.58,3,2312.24,S18_3029,Small
10350,C034,43,64.97,6,2793.71,S18_3029,Small
10373,C065,22,86.74,5,1908.28,S18_3029,Small
10386,C034,37,93.01,5,3441.37,S18_3029,Medium
10398,C068,28,72.26,18,2023.28,S18_3029,Small
10400,C083,30,74.84,7,2245.2,S18_3029,Small
10414,C038,44,73.98,1,3255.12,S18_3029,Medium
10103,C012,25,100,13,2539.5,S18_3136,Small
10111,C058,43,100,1,4818.15,S18_3136,Medium
10126,C025,30,97.39,13,2921.7,S18_3136,Small
10139,C077,20,90.06,2,1801.2,S18_3136,Small
10150,C032,26,100,10,2804.36,S18_3136,Small
10163,C020,40,100,3,4900.8,S18_3136,Medium
10173,C069,31,89.01,1,2759.31,S18_3136,Small
10183,C019,22,100,10,2488.2,S18_3136,Small
10193,C005,23,100,2,2769.89,S18_3136,Small
10206,C018,30,100,8,3581.4,S18_3136,Medium
10215,C092,49,100,5,5285.14,S18_3136,Medium
10228,C017,31,100,4,3181.53,S18_3136,Medium
10244,C034,29,100,2,3340.51,S18_3136,Medium
10257,C083,37,84.82,2,3138.34,S18_3136,Medium
10270,C077,38,100,11,4775.08,S18_3136,Medium
10280,C002,29,100,4,3006.43,S18_3136,Medium
10291,C074,23,100,13,2866.26,S18_3136,Small
10304,C008,26,85.87,8,2232.62,S18_3136,Small
10312,C057,38,100,5,4457.02,S18_3136,Medium
10322,C062,48,47.04,7,2257.92,S18_3136,Small
10332,C011,40,39.8,18,1592,S18_3136,Small
10347,C006,45,100,11,4948.2,S18_3136,Medium
10357,C057,44,100,4,5160.76,S18_3136,Medium
10369,C023,21,94.22,5,1978.62,S18_3136,Small
10381,C024,35,100,5,4288.2,S18_3136,Medium
10392,C053,29,86.92,2,2520.68,S18_3136,Small
10423,C066,21,84.82,2,1781.22,S18_3136,Small
10105,C028,22,100,11,3065.04,S18_3140,Medium
10117,C032,26,100,5,3551.34,S18_3140,Medium
10128,C034,41,100,2,5544.02,S18_3140,Medium
10142,C057,47,100,8,6034.33,S18_3140,Medium
10153,C034,31,100,7,3641.57,S18_3140,Medium
10166,C035,43,100,2,6930.74,S18_3140,Medium
10177,C016,23,100,9,3675.63,S18_3140,Medium
10185,C056,28,100,9,3442.04,S18_3140,Medium
10196,C080,49,100,1,6893.81,S18_3140,Medium
10208,C073,24,100,9,2622.48,S18_3140,Small
10221,C066,33,100,3,4417.38,S18_3140,Medium
10232,C039,22,100,6,3606.02,S18_3140,Medium
10248,C046,32,100,12,3802.56,S18_3140,Medium
10273,C066,40,100,13,5026.4,S18_3140,Medium
10282,C057,43,100,1,6695.53,S18_3140,Medium
10293,C002,24,100,4,2819.28,S18_3140,Small
10306,C011,32,100,9,3759.04,S18_3140,Medium
10314,C041,20,100,1,2731.8,S18_3140,Small
10325,C012,24,69.12,9,1658.88,S18_3140,Small
10336,C044,48,100,12,5778.24,S18_3140,Medium
10350,C034,44,100,1,5191.12,S18_3140,Medium
10372,C084,28,100,3,3862.88,S18_3140,Medium
10383,C034,24,61.52,9,1476.48,S18_3140,Small
10396,C057,33,100,2,5273.73,S18_3140,Medium
10414,C038,41,100,12,4872.03,S18_3140,Medium
10104,C034,23,100,13,4556.99,S18_3232,Medium
10109,C059,46,100,5,8257,S18_3232,Large
10114,C044,48,100,4,8209.44,S18_3232,Large
10122,C049,25,100,3,3598.5,S18_3232,Medium
10127,C060,22,100,15,3837.24,S18_3232,Medium
10136,C001,41,100,3,8331.61,S18_3232,Large
10141,C079,34,100,9,4836.5,S18_3232,Medium
10148,C003,32,100,14,5418.88,S18_3232,Medium
10151,C065,21,100,7,3734.01,S18_3232,Medium
10160,C051,20,100,1,3996.4,S18_3232,Medium
10165,C032,47,100,16,8754.69,S18_3232,Large
10171,C067,39,100,3,5481.45,S18_3232,Medium
10175,C078,29,100,5,4419.89,S18_3232,Medium
10181,C042,45,100,7,6324.75,S18_3232,Medium
10184,C043,28,100,10,4409.72,S18_3232,Medium
10192,C062,26,100,12,3918.46,S18_3232,Medium
10195,C055,50,100,10,7620.5,S18_3232,Large
10203,C034,48,100,1,8291.04,S18_3232,Large
10207,C030,25,100,11,3937.25,S18_3232,Medium
10212,C034,40,100,11,5554.4,S18_3232,Medium
10225,C089,43,100,2,6407.86,S18_3232,Medium
10229,C057,22,100,5,4172.52,S18_3232,Medium
10239,C065,47,100,1,7083.37,S18_3232,Large
10246,C034,36,100,9,7132.68,S18_3232,Large
10253,C088,40,100,6,6773.6,S18_3232,Medium
10259,C040,27,100,8,3657.69,S18_3232,Medium
10266,C047,29,100,7,4812.55,S18_3232,Medium
10271,C057,20,100,9,3928.6,S18_3232,Medium
10278,C076,42,100,7,6401.22,S18_3232,Medium
10281,C029,25,100,5,4191.25,S18_3232,Medium
10287,C089,36,100,5,5852.52,S18_3232,Medium
10292,C046,21,100,12,2844.87,S18_3232,Small
10301,C061,23,100,9,4011.66,S18_3232,Medium
10305,C050,37,100,9,7455.87,S18_3232,Large
10310,C085,48,100,3,8940.96,S18_3232,Large
10313,C018,25,100,3,4572.25,S18_3232,Medium
10321,C035,33,100,11,5700.09,S18_3232,Medium
10324,C090,27,100,12,3155.49,S18_3232,Medium
10331,C059,27,100,11,4170.69,S18_3232,Medium
10334,C091,20,100,3,2878.8,S18_3232,Small
10342,C006,30,100,4,5029.5,S18_3232,Medium
10349,C060,48,100,6,7396.8,S18_3232,Large
10358,C034,32,93.49,12,2991.68,S18_3232,Small
10366,C071,34,100,1,6275.72,S18_3232,Medium
10370,C003,27,56.85,9,1534.95,S18_3232,Small
10377,C086,39,100,3,7264.53,S18_3232,Large
10383,C034,47,100,6,6869.05,S18_3232,Medium
10394,C034,22,100,5,3353.02,S18_3232,Medium
10405,C054,55,100,1,8289.05,S18_3232,Large
10412,C034,60,100,9,11887.8,S18_3232,Large
10419,C072,35,100,6,5926.9,S18_3232,Medium
10425,C045,28,100,8,3793.16,S18_3232,Medium
10105,C028,38,100,13,4330.1,S18_3259,Medium
10117,C032,21,95.8,7,2011.8,S18_3259,Small
10128,C034,41,100,4,4837.18,S18_3259,Medium
10142,C057,22,97.81,10,2151.82,S18_3259,Small
10153,C034,29,88.74,9,2573.46,S18_3259,Small
10165,C032,50,100,1,5344.5,S18_3259,Medium
10177,C016,29,100,11,3070.52,S18_3259,Medium
10185,C056,49,80.67,11,3952.83,S18_3259,Medium
10196,C080,35,100,3,3564.75,S18_3259,Medium
10208,C073,48,100,11,5614.56,S18_3259,Medium
10221,C066,23,80.67,5,1855.41,S18_3259,Small
10232,C039,48,95.8,8,4598.4,S18_3259,Medium
10248,C046,42,100,14,5082.42,S18_3259,Medium
10273,C066,47,100,15,5450.59,S18_3259,Medium
10282,C057,36,100,3,4174.92,S18_3259,Medium
10293,C002,22,100,6,2418.24,S18_3259,Small
10306,C011,40,91.76,11,3670.4,S18_3259,Medium
10314,C041,23,100,3,2481.7,S18_3259,Small
10326,C091,32,100,6,3807.68,S18_3259,Medium
10336,C044,21,100,7,2230.41,S18_3259,Small
10350,C034,41,93.04,2,3814.64,S18_3259,Medium
10372,C084,25,84.71,5,2117.75,S18_3259,Small
10383,C034,26,100,12,3340.48,S18_3259,Medium
10396,C057,24,89.75,4,2154,S18_3259,Small
10414,C038,48,100,14,5808.48,S18_3259,Medium
10108,C026,26,68.35,9,1777.1,S18_3278,Small
10122,C049,21,73.17,13,1536.57,S18_3278,Small
10135,C057,45,78,10,3510,S18_3278,Medium
10147,C023,36,86.04,10,3097.44,S18_3278,Medium
10159,C024,21,81.21,5,1705.41,S18_3278,Small
10169,C003,32,70.76,5,2264.32,S18_3278,Small
10181,C042,30,82.82,17,2484.6,S18_3278,Small
10191,C085,36,94.88,6,3415.68,S18_3278,Medium
10203,C034,33,86.04,11,2839.32,S18_3278,Small
10211,C009,35,78,5,2730,S18_3278,Small
10225,C089,37,95.69,12,3540.53,S18_3278,Medium
10238,C028,41,73.17,6,2999.97,S18_3278,Small
10252,C009,20,76.39,2,1527.8,S18_3278,Small
10265,C005,45,86.84,2,3907.8,S18_3278,Medium
10276,C063,38,69.96,6,2658.48,S18_3278,Small
10287,C089,43,70.76,15,3042.68,S18_3278,Medium
10300,C014,49,78.8,8,3861.2,S18_3278,Medium
10310,C085,27,80.41,13,2171.07,S18_3278,Small
10319,C052,46,73.98,1,3403.08,S18_3278,Medium
10329,C046,38,59.1,10,2245.8,S18_3278,Small
10342,C006,25,66.74,5,1668.5,S18_3278,Small
10363,C079,46,60.3,10,2773.8,S18_3278,Small
10378,C034,22,100,4,2464,S18_3278,Small
10390,C057,40,100,9,5491.6,S18_3278,Medium
10103,C012,46,100,16,4791.82,S18_3320,Medium
10111,C058,39,100,4,4178.85,S18_3320,Medium
10126,C025,38,82.34,16,3128.92,S18_3320,Medium
10139,C077,30,100,5,3095.4,S18_3320,Medium
10149,C075,42,94.25,2,3958.5,S18_3320,Medium
10163,C020,43,100,6,4991.44,S18_3320,Medium
10173,C069,29,95.24,4,2761.96,S18_3320,Small
10182,C057,33,86.31,1,2848.23,S18_3320,Small
10193,C005,32,79.37,5,2539.84,S18_3320,Small
10206,C018,28,87.3,11,2444.4,S18_3320,Small
10215,C092,41,100,8,4555.92,S18_3320,Medium
10227,C073,33,100,1,3666.96,S18_3320,Medium
10244,C034,36,84.33,5,3035.88,S18_3320,Medium
10257,C083,26,89.29,5,2321.54,S18_3320,Small
10280,C002,34,100,7,3474.46,S18_3320,Medium
10290,C010,26,96.23,2,2501.98,S18_3320,Small
10304,C008,38,100,11,3958.46,S18_3320,Medium
10312,C057,33,100,8,3535.95,S18_3320,Medium
10323,C014,33,91.27,2,3011.91,S18_3320,Medium
10333,C058,46,100,2,11336.7,S18_3320,Large
10347,C006,26,100,12,2656.94,S18_3320,Small
10357,C057,25,100,3,2604.25,S18_3320,Small
10369,C023,45,73.08,4,3288.6,S18_3320,Medium
10382,C057,50,100,7,8935.5,S18_3320,Large
10392,C053,36,100,1,4035.96,S18_3320,Medium
10423,C066,21,89.29,5,1875.09,S18_3320,Small
10108,C026,29,100,8,4049.56,S18_3482,Medium
10122,C049,21,100,12,2469.39,S18_3482,Small
10135,C057,42,100,9,5432.7,S18_3482,Medium
10147,C023,37,100,9,4405.22,S18_3482,Medium
10159,C024,25,100,4,3638,S18_3482,Medium
10169,C003,36,100,4,4444.92,S18_3482,Medium
10181,C042,22,100,16,3395.48,S18_3482,Medium
10191,C085,23,100,5,3414.58,S18_3482,Medium
10203,C034,32,100,10,5127.04,S18_3482,Medium
10211,C009,28,100,4,3745.28,S18_3482,Medium
10225,C089,27,100,11,4564.08,S18_3482,Medium
10238,C028,49,100,5,6554.24,S18_3482,Medium
10252,C009,41,100,1,6749.83,S18_3482,Medium
10265,C005,49,100,1,8427.02,S18_3482,Large
10276,C063,30,100,5,3924.6,S18_3482,Medium
10287,C089,40,100,14,6761.6,S18_3482,Medium
10300,C014,23,100,7,3786.49,S18_3482,Medium
10310,C085,49,100,12,6266.12,S18_3482,Medium
10320,C091,25,100,5,3491,S18_3482,Medium
10330,C026,37,100,3,4405.22,S18_3482,Medium
10342,C006,55,100,7,6548.3,S18_3482,Medium
10355,C034,23,100,7,3177.91,S18_3482,Medium
10363,C079,24,100,11,4142.64,S18_3482,Medium
10378,C034,43,96.49,10,4149.07,S18_3482,Medium
10390,C057,50,100,1,7397,S18_3482,Large
10109,C059,47,100,2,6241.6,S18_3685,Medium
10123,C004,34,100,4,5331.88,S18_3685,Medium
10137,C068,31,100,4,5124.3,S18_3685,Medium
10148,C003,28,100,11,3639.44,S18_3685,Medium
10161,C041,36,100,10,5544,S18_3685,Medium
10172,C036,48,100,8,5493.12,S18_3685,Medium
10181,C042,39,100,4,5785.26,S18_3685,Medium
10192,C062,45,100,9,5340.6,S18_3685,Medium
10204,C060,35,100,15,5735.8,S18_3685,Medium
10212,C034,45,100,8,6357.6,S18_3685,Medium
10226,C022,46,100,6,7343.9,S18_3685,Large
10240,C064,37,100,1,5959.22,S18_3685,Medium
10253,C088,31,100,3,4029.38,S18_3685,Medium
10266,C047,33,100,4,5035.14,S18_3685,Medium
10278,C076,31,100,4,4116.8,S18_3685,Medium
10287,C089,27,100,2,4310.55,S18_3685,Medium
10301,C061,39,100,6,6446.7,S18_3685,Medium
10311,C034,32,100,11,3616.64,S18_3685,Medium
10321,C035,28,100,8,4232.76,S18_3685,Medium
10331,C059,26,67.91,12,1765.66,S18_3685,Small
10343,C068,44,84.88,2,3734.72,S18_3685,Medium
10367,C087,46,100,6,4808.38,S18_3685,Medium
10379,C034,32,70.83,4,2266.56,S18_3685,Small
10406,C028,65,100,1,10468.9,S18_3685,Large
10419,C072,43,100,3,5589.14,S18_3685,Medium
10108,C026,43,67.77,12,2914.11,S18_3782,Small
10122,C049,35,49.74,16,1740.9,S18_3782,Small
10135,C057,45,50.36,13,2266.2,S18_3782,Small
10146,C037,47,67.14,2,3155.58,S18_3782,Medium
10159,C024,21,64.66,8,1357.86,S18_3782,Small
10169,C003,38,68.39,8,2598.82,S18_3782,Small
10180,C027,21,50.36,3,1057.56,S18_3782,Small
10191,C085,43,72.74,9,3127.82,S18_3782,Medium
10211,C009,46,54.09,8,2488.14,S18_3782,Small
10224,C027,38,58.44,1,2220.72,S18_3782,Small
10237,C090,26,52.22,1,1357.72,S18_3782,Small
10252,C009,31,52.84,5,1638.04,S18_3782,Small
10264,C038,48,54.71,3,2626.08,S18_3782,Small
10276,C063,33,50.36,9,1661.88,S18_3782,Small
10286,C044,38,57.2,1,2173.6,S18_3782,Small
10299,C086,39,55.95,3,2182.05,S18_3782,Small
10310,C085,42,67.14,16,2819.88,S18_3782,Small
10319,C052,44,59.06,4,2598.64,S18_3782,Small
10330,C026,29,69.63,2,2019.27,S18_3782,Small
10342,C006,26,55.95,8,1454.7,S18_3782,Small
10355,C034,31,53.47,1,1657.57,S18_3782,Small
10363,C079,32,89.12,12,2851.84,S18_3782,Small
10378,C034,28,100,9,4609.64,S18_3782,Medium
10390,C057,36,100,2,5079.96,S18_3782,Medium
10403,C088,36,52.22,1,1879.92,S18_3782,Small
10106,C069,41,100,17,4774.86,S18_3856,Medium
10119,C072,27,99.52,8,2687.04,S18_3856,Small
10130,C010,33,100,1,3423.75,S18_3856,Medium
10143,C056,34,100,12,3455.76,S18_3856,Medium
10155,C086,29,100,10,3622.97,S18_3856,Medium
10167,C074,34,100,6,3599.58,S18_3856,Medium
10178,C001,48,100,9,5386.56,S18_3856,Medium
10186,C031,46,100,6,4918.78,S18_3856,Medium
10197,C033,22,100,3,2538.8,S18_3856,Small
10209,C051,20,100,5,2498.6,S18_3856,Small
10222,C022,45,85.75,9,3858.75,S18_3856,Medium
10249,C017,46,100,5,5600.5,S18_3856,Medium
10262,C034,34,100,14,4103.46,S18_3856,Medium
10273,C066,50,85.75,1,4287.5,S18_3856,Medium
10283,C070,46,100,3,5795.54,S18_3856,Medium
10296,C013,22,84.7,12,1863.4,S18_3856,Small
10307,C019,48,86.81,6,4166.88,S18_3856,Medium
10316,C039,47,86.81,14,4080.07,S18_3856,Medium
10328,C069,34,100,6,3815.48,S18_3856,Medium
10338,C071,45,100,2,5526.45,S18_3856,Medium
10351,C078,20,100,2,3374.6,S18_3856,Medium
10373,C065,50,60.49,6,3024.5,S18_3856,Medium
10386,C034,22,57.55,6,1266.1,S18_3856,Small
10398,C068,45,100,17,4811.85,S18_3856,Medium
10400,C083,58,100,6,7307.42,S18_3856,Large
10415,C005,51,100,5,6209.25,S18_3856,Medium
10104,C034,38,100,3,5348.5,S18_4027,Medium
10117,C032,22,100,12,2780.58,S18_4027,Small
10127,C060,25,100,5,3447,S18_4027,Medium
10142,C057,24,100,15,3791.52,S18_4027,Medium
10152,C007,35,100,1,4524.1,S18_4027,Medium
10165,C032,28,100,6,3337.6,S18_4027,Medium
10176,C047,36,100,5,5532.12,S18_4027,Medium
10185,C056,39,100,16,5096.91,S18_4027,Medium
10196,C080,27,100,8,4537.08,S18_4027,Medium
10207,C030,40,100,1,6146.8,S18_4027,Medium
10220,C021,50,100,5,8258,S18_4027,Large
10230,C014,42,100,3,7238.28,S18_4027,Large
10247,C079,48,100,5,6756,S18_4027,Medium
10272,C029,25,100,5,3734,S18_4027,Medium
10282,C057,31,100,8,4674.8,S18_4027,Medium
10292,C046,44,100,2,7140.76,S18_4027,Large
10306,C011,23,100,16,3600.65,S18_4027,Medium
10314,C041,29,100,8,4206.74,S18_4027,Medium
10324,C090,49,100,13,5379.71,S18_4027,Medium
10337,C020,36,100,3,5679.36,S18_4027,Medium
10349,C060,34,100,5,4394.84,S18_4027,Medium
10358,C034,25,100,13,2528.25,S18_4027,Small
10372,C084,48,100,6,7031.52,S18_4027,Large
10383,C034,38,100,1,5340.9,S18_4027,Medium
10394,C034,37,100,1,6376.58,S18_4027,Medium
10413,C036,49,100,5,6896.75,S18_4027,Medium
10100,C062,22,86.51,4,1903.22,S18_4409,Small
10110,C011,28,89.27,8,2499.56,S18_4409,Small
10124,C076,36,85.59,7,3081.24,S18_4409,Medium
10148,C003,34,100,1,3598.22,S18_4409,Medium
10162,C024,39,100,10,3912.09,S18_4409,Medium
10173,C069,21,75.46,14,1584.66,S18_4409,Small
10182,C057,36,100,11,3942.72,S18_4409,Medium
10193,C005,24,97.55,15,2341.2,S18_4409,Small
10204,C060,29,85.59,5,2482.11,S18_4409,Small
10213,C031,38,94.79,1,3602.02,S18_4409,Medium
10227,C073,34,100,11,3566.94,S18_4409,Medium
10241,C054,42,90.19,3,3787.98,S18_4409,Medium
10280,C002,35,100,17,3704.05,S18_4409,Medium
10288,C040,35,80.99,6,2834.65,S18_4409,Small
10302,C088,38,89.27,2,3392.26,S18_4409,Medium
10311,C034,41,81.91,1,3358.31,S18_4409,Medium
10332,C011,50,100,2,7310,S18_4409,Large
10344,C049,21,100,4,2203.11,S18_4409,Small
10367,C087,43,62.72,8,2696.96,S18_4409,Small
10380,C034,32,100,1,3376.64,S18_4409,Medium
10407,C083,6,90.19,3,541.14,S18_4409,Small
10420,C077,66,92.95,6,6134.7,S18_4409,Medium
10105,C028,41,82.5,10,3382.5,S18_4522,Medium
10117,C032,23,97.42,4,2240.66,S18_4522,Small
10128,C034,43,92.16,1,3962.88,S18_4522,Medium
10142,C057,24,70.22,7,1685.28,S18_4522,Small
10153,C034,22,83.38,6,1834.36,S18_4522,Small
10166,C035,26,73.73,1,1916.98,S18_4522,Small
10177,C016,35,74.6,8,2611,S18_4522,Small
10185,C056,47,77.24,8,3630.28,S18_4522,Medium
10197,C033,50,100,14,5090.5,S18_4522,Medium
10208,C073,45,87.77,8,3949.65,S18_4522,Medium
10221,C066,39,89.53,2,3491.67,S18_4522,Medium
10232,C039,23,89.53,5,2059.19,S18_4522,Small
10248,C046,42,75.48,11,3170.16,S18_4522,Medium
10261,C067,20,89.53,9,1790.6,S18_4522,Small
10273,C066,33,71.09,12,2345.97,S18_4522,Small
10283,C070,34,100,14,3580.88,S18_4522,Medium
10293,C002,49,100,3,4946.06,S18_4522,Medium
10306,C011,39,90.4,8,3525.6,S18_4522,Medium
10315,C045,36,100,7,3602.16,S18_4522,Medium
10326,C091,50,86.01,5,4300.5,S18_4522,Medium
10337,C020,29,100,2,4498.19,S18_4522,Medium
10350,C034,30,100,3,3023.1,S18_4522,Medium
10372,C084,41,86.89,7,3562.49,S18_4522,Medium
10383,C034,28,58.58,7,1640.24,S18_4522,Small
10396,C057,45,100,5,4739.4,S18_4522,Medium
10414,C038,16,75.48,11,1207.68,S18_4522,Small
10103,C012,36,100,5,4228.2,S18_4600,Medium
10114,C044,41,100,9,4815.45,S18_4600,Medium
10126,C025,50,100,5,7083,S18_4600,Large
10140,C081,40,100,5,4601.2,S18_4600,Medium
10150,C032,49,100,2,6467.02,S18_4600,Medium
10164,C053,45,100,3,5012.55,S18_4600,Medium
10175,C078,47,100,10,5121.59,S18_4600,Medium
10183,C019,21,100,2,2441.04,S18_4600,Small
10194,C073,32,100,5,4262.08,S18_4600,Medium
10207,C030,47,100,16,6658.02,S18_4600,Medium
10217,C040,38,100,5,4509.08,S18_4600,Medium
10229,C057,41,100,10,4716.23,S18_4600,Medium
10245,C080,21,100,3,2390.22,S18_4600,Small
10259,C040,41,100,13,4666.62,S18_4600,Medium
10270,C077,38,100,3,5383.08,S18_4600,Medium
10281,C029,25,99.29,10,2482.25,S18_4600,Small
10291,C074,48,100,5,5288.64,S18_4600,Medium
10305,C050,22,99.29,14,2184.38,S18_4600,Small
10313,C018,28,100,8,2881.76,S18_4600,Small
10323,C014,47,100,1,6203.06,S18_4600,Medium
10334,C091,49,100,4,6763.47,S18_4600,Medium
10347,C006,45,100,4,5884.65,S18_4600,Medium
10357,C057,28,100,2,3559.64,S18_4600,Medium
10370,C003,29,57.53,6,1668.37,S18_4600,Small
10382,C057,39,100,1,4890.6,S18_4600,Medium
10411,C067,46,100,3,5235.72,S18_4600,Medium
10425,C045,38,100,13,4325.16,S18_4600,Medium
10103,C012,41,47.29,9,1938.89,S18_4668,Small
10113,C057,50,49.81,3,2490.5,S18_4668,Small
10126,C025,43,53.83,9,2314.69,S18_4668,Small
10140,C081,29,43.27,9,1254.83,S18_4668,Small
10150,C032,30,42.76,6,1282.8,S18_4668,Small
10164,C053,25,53.83,7,1345.75,S18_4668,Small
10174,C007,49,44.78,2,2194.22,S18_4668,Small
10183,C019,40,49.3,6,1972,S18_4668,Small
10194,C073,41,44.78,9,1835.98,S18_4668,Small
10206,C018,21,53.33,4,1119.93,S18_4668,Small
10215,C092,46,45.28,1,2082.88,S18_4668,Small
10229,C057,39,40.25,14,1569.75,S18_4668,Small
10245,C080,45,59.87,7,2694.15,S18_4668,Small
10258,C084,21,59.87,4,1257.27,S18_4668,Small
10270,C077,44,58.36,7,2567.84,S18_4668,Small
10281,C029,44,59.87,14,2634.28,S18_4668,Small
10291,C074,29,51.82,9,1502.78,S18_4668,Small
10304,C008,34,49.3,4,1676.2,S18_4668,Small
10312,C057,39,56.85,1,2217.15,S18_4668,Small
10324,C090,38,100,6,6832.02,S18_4668,Medium
10333,C058,24,79.86,8,1916.64,S18_4668,Small
10348,C025,29,100,6,7110.8,S18_4668,Large
10358,C034,30,100,8,5302.8,S18_4668,Medium
10370,C003,20,100,2,2730,S18_4668,Small
10382,C057,39,100,2,7827.3,S18_4668,Large
10411,C067,35,59.87,7,2095.45,S18_4668,Small
10424,C034,26,59.87,4,1556.62,S18_4668,Small
10108,C026,44,100,11,5565.12,S18_4721,Medium
10122,C049,28,100,15,3583.16,S18_4721,Medium
10135,C057,31,100,12,4705.18,S18_4721,Medium
10146,C037,29,100,1,4444.54,S18_4721,Medium
10159,C024,32,100,7,4618.88,S18_4721,Medium
10169,C003,33,100,7,4910.4,S18_4721,Medium
10180,C027,44,100,2,5565.12,S18_4721,Medium
10191,C085,32,100,8,4237.76,S18_4721,Medium
10211,C009,41,100,7,5673.58,S18_4721,Medium
10225,C089,35,100,14,5260.15,S18_4721,Medium
10238,C028,44,100,8,6350.96,S18_4721,Medium
10252,C009,26,100,4,3559.4,S18_4721,Medium
10264,C038,20,100,2,2410.6,S18_4721,Small
10276,C063,48,100,8,5713.92,S18_4721,Medium
10287,C089,34,100,17,4300.32,S18_4721,Medium
10299,C086,49,100,2,7947.31,S18_4721,Large
10310,C085,40,100,15,5356.8,S18_4721,Medium
10319,C052,45,100,3,7901.1,S18_4721,Large
10330,C026,50,100,4,6101,S18_4721,Medium
10342,C006,38,100,11,6276.46,S18_4721,Medium
10355,C034,25,100,2,4203.5,S18_4721,Medium
10363,C079,28,58.18,13,1629.04,S18_4721,Small
10378,C034,49,67.14,8,3289.86,S18_4721,Medium
10390,C057,49,100,3,6862.94,S18_4721,Medium
10110,C011,42,61.29,9,2574.18,S18_4933,Small
10124,C076,23,57.73,8,1327.79,S18_4933,Small
10148,C003,29,81.25,2,2356.25,S18_4933,Small
10161,C041,25,80.54,1,2013.5,S18_4933,Small
10173,C069,39,71.98,15,2807.22,S18_4933,Small
10182,C057,44,69.84,12,3072.96,S18_4933,Medium
10193,C005,25,76.26,16,1906.5,S18_4933,Small
10204,C060,45,76.26,6,3431.7,S18_4933,Medium
10213,C031,25,83.39,2,2084.75,S18_4933,Small
10227,C073,37,57.73,12,2136.01,S18_4933,Small
10241,C054,30,66.99,4,2009.7,S18_4933,Small
10267,C060,36,75.55,1,2719.8,S18_4933,Small
10279,C034,26,60.58,1,1575.08,S18_4933,Small
10288,C040,23,73.41,7,1688.43,S18_4933,Small
10302,C088,23,72.7,3,1672.1,S18_4933,Small
10311,C034,25,66.99,2,1674.75,S18_4933,Small
10332,C011,21,100,3,3472.98,S18_4933,Medium
10344,C049,26,63.43,5,1649.18,S18_4933,Small
10367,C087,44,85.25,9,3751,S18_4933,Medium
10380,C034,24,100,2,4536,S18_4933,Medium
10407,C083,66,66.99,4,4421.34,S18_4933,Medium
10420,C077,36,57.73,7,2078.28,S18_4933,Small
10110,C011,36,85.25,13,3069,S24_1046,Medium
10124,C076,22,77.9,12,1713.8,S24_1046,Small
10148,C003,25,60.26,6,1506.5,S24_1046,Small
10161,C041,37,72.76,5,2692.12,S24_1046,Small
10172,C036,32,75.69,3,2422.08,S24_1046,Small
10182,C057,47,74.22,16,3488.34,S24_1046,Medium
10192,C062,37,69.82,4,2583.34,S24_1046,Small
10204,C060,20,62.47,10,1249.4,S24_1046,Small
10212,C034,41,82.31,3,3374.71,S24_1046,Medium
10226,C022,21,60.26,1,1265.46,S24_1046,Small
10241,C054,22,76.43,8,1681.46,S24_1046,Small
10267,C060,40,80.1,5,3204,S24_1046,Medium
10279,C034,32,74.96,5,2398.72,S24_1046,Small
10288,C040,36,66.14,11,2381.04,S24_1046,Small
10301,C061,27,72.02,1,1944.54,S24_1046,Small
10311,C034,26,87.45,6,2273.7,S24_1046,Small
10321,C035,30,70.55,3,2116.5,S24_1046,Small
10332,C011,23,56.84,4,1307.32,S24_1046,Small
10344,C049,29,59.53,7,1726.37,S24_1046,Small
10367,C087,21,60.37,10,1267.77,S24_1046,Small
10380,C034,34,100,3,3441.82,S24_1046,Medium
10407,C083,26,76.43,8,1987.18,S24_1046,Small
10420,C077,60,64.67,11,3880.2,S24_1046,Medium
10104,C034,35,55.49,6,1942.15,S24_1444,Small
10115,C020,47,69.36,2,3259.92,S24_1444,Medium
10127,C060,20,60.69,8,1213.8,S24_1444,Small
10141,C079,20,54.33,2,1086.6,S24_1444,Small
10152,C007,25,65.31,4,1632.75,S24_1444,Small
10165,C032,25,69.36,9,1734,S24_1444,Small
10176,C047,27,68.78,8,1857.06,S24_1444,Small
10184,C043,31,60.11,3,1863.41,S24_1444,Small
10195,C055,44,66.47,3,2924.68,S24_1444,Small
10207,C030,49,46.82,4,2294.18,S24_1444,Small
10220,C021,26,56.07,8,1457.82,S24_1444,Small
10230,C014,36,54.33,6,1955.88,S24_1444,Small
10246,C034,44,52.6,2,2314.4,S24_1444,Small
10259,C040,28,46.82,1,1310.96,S24_1444,Small
10271,C057,45,64.74,2,2913.3,S24_1444,Small
10282,C057,29,46.82,11,1357.78,S24_1444,Small
10292,C046,40,53.75,5,2150,S24_1444,Small
10305,C050,45,61.85,2,2783.25,S24_1444,Small
10314,C041,44,53.18,11,2339.92,S24_1444,Small
10324,C090,25,69.16,14,1729,S24_1444,Small
10336,C044,45,100,4,5972.4,S24_1444,Medium
10349,C060,48,47.4,4,2275.2,S24_1444,Small
10358,C034,44,60.76,14,2673.44,S24_1444,Small
10371,C057,25,97.27,12,2431.75,S24_1444,Small
10383,C034,22,91.76,2,2018.72,S24_1444,Small
10394,C034,31,50.29,2,1558.99,S24_1444,Small
10412,C034,21,52.6,2,1104.6,S24_1444,Small
10425,C045,55,46.82,1,2575.1,S24_1444,Small
10107,C046,25,100,3,2845.75,S24_1578,Small
10120,C006,35,98.05,1,3431.75,S24_1578,Medium
10134,C048,35,93.54,3,3273.9,S24_1578,Medium
10145,C087,43,95.8,7,4119.4,S24_1578,Medium
10159,C024,44,100,15,5355.68,S24_1578,Medium
10168,C081,50,100,2,5747.5,S24_1578,Medium
10180,C027,48,100,10,5355.36,S24_1578,Medium
10188,C042,25,100,2,2535.75,S24_1578,Small
10201,C058,39,100,3,4351.23,S24_1578,Medium
10211,C009,25,90.16,15,2254,S24_1578,Small
10223,C006,32,91.29,2,2921.28,S24_1578,Small
10237,C090,20,100,8,2299,S24_1578,Small
10251,C082,26,100,3,2637.18,S24_1578,Small
10263,C036,42,100,3,4307.52,S24_1578,Medium
10275,C045,21,100,2,2153.76,S24_1578,Small
10285,C050,34,100,7,3716.88,S24_1578,Medium
10299,C086,47,100,10,5455.76,S24_1578,Medium
10309,C012,21,100,6,2650.62,S24_1578,Small
10318,C029,48,100,2,6437.28,S24_1578,Medium
10329,C046,30,87.78,7,2633.4,S24_1578,Small
10339,C084,27,84.39,10,2278.53,S24_1578,Small
10362,C081,50,96.92,2,4846,S24_1578,Medium
10374,C007,38,100,6,4197.1,S24_1578,Medium
10389,C074,45,100,1,4597.65,S24_1578,Medium
10403,C088,46,100,8,5287.7,S24_1578,Medium
10417,C034,35,100,3,3550.05,S24_1578,Medium
10110,C011,29,59.37,15,1721.73,S24_1628,Small
10123,C004,50,59.87,1,2993.5,S24_1628,Small
10137,C068,26,49.81,1,1295.06,S24_1628,Small
10148,C003,47,56.85,8,2671.95,S24_1628,Small
10161,C041,23,53.33,7,1226.59,S24_1628,Small
10172,C036,34,42.76,5,1453.84,S24_1628,Small
10181,C042,34,53.83,1,1830.22,S24_1628,Small
10192,C062,47,53.83,6,2530.01,S24_1628,Small
10204,C060,45,49.81,12,2241.45,S24_1628,Small
10212,C034,45,53.33,5,2399.85,S24_1628,Small
10226,C022,36,43.27,3,1557.72,S24_1628,Small
10241,C054,21,40.25,10,845.25,S24_1628,Small
10266,C047,28,48.3,1,1352.4,S24_1628,Small
10278,C076,35,45.28,1,1584.8,S24_1628,Small
10288,C040,50,52.32,13,2616,S24_1628,Small
10301,C061,22,51.32,3,1129.04,S24_1628,Small
10311,C034,45,49.3,8,2218.5,S24_1628,Small
10321,C035,48,42.26,5,2028.48,S24_1628,Small
10332,C011,20,87.96,5,1759.2,S24_1628,Small
10343,C068,27,36.21,6,977.67,S24_1628,Small
10367,C087,38,38.5,11,1463,S24_1628,Small
10379,C034,32,100,3,3970.56,S24_1628,Medium
10407,C083,64,40.25,10,2576,S24_1628,Small
10420,C077,37,60.37,13,2233.69,S24_1628,Small
10106,C069,28,88.63,4,2481.64,S24_1785,Small
10120,C006,39,100,10,4651.53,S24_1785,Medium
10133,C034,41,94.1,5,3858.1,S24_1785,Medium
10145,C087,40,87.54,16,3501.6,S24_1785,Medium
10168,C081,49,100,11,6433.7,S24_1785,Medium
10210,C064,27,98.48,9,2658.96,S24_1785,Small
10223,C006,34,100,11,3608.76,S24_1785,Medium
10235,C070,23,96.29,5,2214.67,S24_1785,Small
10250,C083,31,88.63,6,2747.53,S24_1785,Small
10262,C034,34,97.38,1,3310.92,S24_1785,Medium
10275,C045,25,95.2,11,2380,S24_1785,Small
10284,C061,22,100,3,2310.88,S24_1785,Small
10297,C021,32,100,6,4061.76,S24_1785,Medium
10308,C055,31,100,9,3493.7,S24_1785,Medium
10316,C039,25,100,1,2872.25,S24_1785,Small
10328,C069,47,87.54,14,4114.38,S24_1785,Medium
10339,C084,21,50.65,7,1063.65,S24_1785,Small
10353,C037,28,71.73,2,2008.44,S24_1785,Small
10374,C007,46,94.1,3,4328.6,S24_1785,Medium
10386,C034,33,41.71,11,1376.43,S24_1785,Small
10398,C068,43,100,16,5552.16,S24_1785,Medium
10401,C082,38,96.29,5,3659.02,S24_1785,Medium
10416,C047,47,88.63,6,4165.61,S24_1785,Medium
10101,C014,45,31.2,3,1404,S24_1937,Small
10110,C011,20,35.51,3,710.2,S24_1937,Small
10124,C076,45,37.84,2,1702.8,S24_1937,Small
10149,C075,36,33.19,7,1194.84,S24_1937,Small
10162,C024,37,27.22,5,1007.14,S24_1937,Small
10173,C069,31,31.53,9,977.43,S24_1937,Small
10182,C057,39,36.84,6,1436.76,S24_1937,Small
10193,C005,26,29.21,10,759.46,S24_1937,Small
10205,C034,32,37.17,5,1189.44,S24_1937,Small
10214,C025,20,34.19,3,683.8,S24_1937,Small
10227,C073,42,29.21,6,1226.82,S24_1937,Small
10243,C030,33,29.54,1,974.82,S24_1937,Small
10280,C002,20,28.88,12,577.6,S24_1937,Small
10288,C040,29,38.17,1,1106.93,S24_1937,Small
10304,C008,23,30.2,16,694.6,S24_1937,Small
10312,C057,39,29.54,13,1152.06,S24_1937,Small
10322,C062,20,100,3,2624,S24_1937,Small
10332,C011,45,81.91,6,3685.95,S24_1937,Medium
10344,C049,20,35.18,6,703.6,S24_1937,Small
10356,C048,48,100,5,9720,S24_1937,Large
10367,C087,23,36.29,13,834.67,S24_1937,Small
10380,C034,32,70.56,4,2257.92,S24_1937,Small
10391,C003,33,100,8,8344.71,S24_1937,Large
10409,C040,61,29.54,1,1801.94,S24_1937,Small
10420,C077,45,26.88,1,1209.6,S24_1937,Small
10107,C046,38,83.03,7,3155.14,S24_2000,Medium
10120,C006,34,83.79,5,2848.86,S24_2000,Small
10134,C048,43,83.03,7,3570.29,S24_2000,Medium
10145,C087,47,83.03,11,3902.41,S24_2000,Medium
10158,C012,22,67.03,1,1474.66,S24_2000,Small
10168,C081,29,75.41,6,2186.89,S24_2000,Small
10180,C027,28,68.55,14,1919.4,S24_2000,Small
10188,C042,40,91.4,6,3656,S24_2000,Medium
10201,C058,25,73.88,7,1847,S24_2000,Small
10210,C064,30,61.7,4,1851,S24_2000,Small
10223,C006,38,69.31,6,2633.78,S24_2000,Small
10236,C059,36,87.6,3,3153.6,S24_2000,Medium
10250,C083,32,87.6,1,2803.2,S24_2000,Small
10263,C036,37,62.46,7,2311.02,S24_2000,Small
10275,C045,30,79.98,6,2399.4,S24_2000,Small
10285,C050,39,70.08,11,2733.12,S24_2000,Small
10297,C021,32,65.51,1,2096.32,S24_2000,Small
10308,C055,47,63.22,4,2971.34,S24_2000,Small
10318,C029,26,86.83,6,2257.58,S24_2000,Small
10329,C046,37,94.43,4,3493.91,S24_2000,Medium
10340,C033,55,79.98,8,4398.9,S24_2000,Medium
10363,C079,21,100,8,3595.62,S24_2000,Medium
10375,C045,23,100,9,2443.29,S24_2000,Small
10389,C074,49,81.4,2,3988.6,S24_2000,Medium
10402,C009,59,87.6,3,5168.4,S24_2000,Medium
10416,C047,32,87.6,1,2803.2,S24_2000,Small
10105,C028,43,100,9,6341.21,S24_2011,Medium
10117,C032,41,100,3,5189.78,S24_2011,Medium
10129,C078,45,100,9,6027.75,S24_2011,Medium
10142,C057,33,100,6,3366,S24_2011,Medium
10153,C034,40,100,5,5456.4,S24_2011,Medium
10167,C074,33,100,16,3812.16,S24_2011,Medium
10177,C016,50,100,7,6083,S24_2011,Medium
10185,C056,30,100,7,3170.7,S24_2011,Medium
10197,C033,41,100,13,4534.6,S24_2011,Medium
10208,C073,35,100,7,4301.15,S24_2011,Medium
10221,C066,49,100,1,6804.63,S24_2011,Medium
10232,C039,46,100,4,5652.94,S24_2011,Medium
10248,C046,48,100,10,6960.48,S24_2011,Medium
10261,C067,36,100,8,4512.6,S24_2011,Medium
10273,C066,22,100,11,2784.76,S24_2011,Small
10283,C070,42,100,13,5316.36,S24_2011,Medium
10293,C002,21,100,2,2941.89,S24_2011,Small
10306,C011,29,100,7,3207.4,S24_2011,Medium
10315,C045,35,100,6,4215.05,S24_2011,Medium
10326,C091,41,100,4,4333.29,S24_2011,Medium
10337,C020,29,71.97,4,2087.13,S24_2011,Small
10350,C034,34,50.33,7,1711.22,S24_2011,Small
10372,C084,37,100,8,3910.53,S24_2011,Medium
10384,C024,28,80.54,3,2255.12,S24_2011,Small
10396,C057,49,100,6,5720.75,S24_2011,Medium
10414,C038,23,100,10,3335.23,S24_2011,Medium
10101,C014,46,53.76,2,2472.96,S24_2022,Small
10110,C011,39,44.35,2,1729.65,S24_2022,Small
10124,C076,22,45.25,1,995.5,S24_2022,Small
10149,C075,49,49.28,6,2414.72,S24_2022,Small
10162,C024,43,36.29,4,1560.47,S24_2022,Small
10173,C069,27,41.22,8,1112.94,S24_2022,Small
10182,C057,31,36.74,5,1138.94,S24_2022,Small
10193,C005,20,50.62,9,1012.4,S24_2022,Small
10205,C034,24,38.08,4,913.92,S24_2022,Small
10214,C025,49,47.94,2,2349.06,S24_2022,Small
10227,C073,24,48.38,5,1161.12,S24_2022,Small
10244,C034,39,45.25,9,1764.75,S24_2022,Small
10255,C054,37,45.7,2,1690.9,S24_2022,Small
10280,C002,45,47.49,11,2137.05,S24_2022,Small
10289,C042,45,48.38,4,2177.1,S24_2022,Small
10304,C008,44,39.42,15,1734.48,S24_2022,Small
10312,C057,23,37.63,12,865.49,S24_2022,Small
10322,C062,30,100,4,3500.1,S24_2022,Medium
10332,C011,26,85.52,10,2223.52,S24_2022,Small
10345,C004,43,53.76,1,2311.68,S24_2022,Small
10356,C048,26,31.86,7,828.36,S24_2022,Small
10367,C087,28,30.59,12,856.52,S24_2022,Small
10380,C034,27,68.35,5,1845.45,S24_2022,Small
10391,C003,24,100,1,4042.08,S24_2022,Medium
10421,C057,40,45.7,2,1828,S24_2022,Small
10103,C012,36,100,1,3680.28,S24_2300,Medium
10114,C044,21,100,5,2925.09,S24_2300,Small
10126,C025,27,100,1,3415.77,S24_2300,Medium
10140,C081,47,100,1,5105.14,S24_2300,Medium
10151,C065,42,100,8,5098.8,S24_2300,Medium
10165,C032,32,100,17,4661.76,S24_2300,Medium
10175,C078,28,100,6,2969.96,S24_2300,Small
10184,C043,24,100,11,3496.32,S24_2300,Medium
10194,C073,49,100,1,5760.93,S24_2300,Medium
10207,C030,46,100,12,6819.04,S24_2300,Medium
10217,C040,28,100,1,3148.88,S24_2300,Medium
10229,C057,48,100,6,5704.32,S24_2300,Medium
10246,C034,29,100,10,3520.6,S24_2300,Medium
10259,C040,47,100,9,5285.62,S24_2300,Medium
10271,C057,43,100,10,5605.05,S24_2300,Medium
10281,C029,25,100,6,2779.5,S24_2300,Small
10291,C074,48,100,1,5398.08,S24_2300,Medium
10305,C050,24,100,10,3189.6,S24_2300,Medium
10313,C018,42,100,4,5581.8,S24_2300,Medium
10324,C090,31,100,2,3820.44,S24_2300,Medium
10334,C091,42,100,5,5528.04,S24_2300,Medium
10348,C025,37,100,1,5981.42,S24_2300,Medium
10358,C034,41,100,7,5684.65,S24_2300,Medium
10371,C057,20,100,5,3449.4,S24_2300,Medium
10382,C057,20,100,3,2654.4,S24_2300,Small
10412,C034,70,100,10,8498,S24_2300,Large
10425,C045,49,100,9,5510.54,S24_2300,Medium
10108,C026,35,58.87,15,2060.45,S24_2360,Small
10121,C068,32,76.88,2,2460.16,S24_2360,Small
10135,C057,29,61.64,16,1787.56,S24_2360,Small
10145,C087,27,60.95,3,1645.65,S24_2360,Small
10159,C024,27,80.34,11,2169.18,S24_2360,Small
10169,C003,38,74.11,11,2816.18,S24_2360,Small
10180,C027,35,72.03,6,2521.05,S24_2360,Small
10190,C034,42,76.19,3,3199.98,S24_2360,Medium
10211,C009,21,63.72,11,1338.12,S24_2360,Small
10224,C027,37,80.34,4,2972.58,S24_2360,Small
10237,C090,26,79.65,4,2070.9,S24_2360,Small
10252,C009,47,65.8,8,3092.6,S24_2360,Medium
10264,C038,37,65.1,6,2408.7,S24_2360,Small
10276,C063,46,75.49,12,3472.54,S24_2360,Medium
10285,C050,38,59.56,3,2263.28,S24_2360,Small
10299,C086,33,66.49,6,2194.17,S24_2360,Small
10309,C012,24,56.1,2,1346.4,S24_2360,Small
10319,C052,31,81.73,7,2533.63,S24_2360,Small
10330,C026,42,81.03,1,3403.26,S24_2360,Medium
10341,C072,32,100,6,3307.2,S24_2360,Medium
10355,C034,41,70.65,3,2896.65,S24_2360,Small
10363,C079,43,61.23,14,2632.89,S24_2360,Small
10375,C045,20,100,14,2046,S24_2360,Small
10390,C057,35,65.13,4,2279.55,S24_2360,Small
10403,C088,27,79.65,4,2150.55,S24_2360,Small
10110,C011,43,78.15,11,3360.45,S24_2766,Medium
10124,C076,32,72.7,10,2326.4,S24_2766,Small
10148,C003,21,73.6,4,1545.6,S24_2766,Small
10161,C041,20,100,3,2144.6,S24_2766,Small
10172,C036,22,74.51,1,1639.22,S24_2766,Small
10182,C057,36,73.6,14,2649.6,S24_2766,Small
10192,C062,46,83.6,2,3845.6,S24_2766,Medium
10204,C060,47,96.32,8,4527.04,S24_2766,Medium
10212,C034,45,88.14,1,3966.3,S24_2766,Medium
10227,C073,47,88.14,14,4142.58,S24_2766,Medium
10241,C054,47,94.5,6,4441.5,S24_2766,Medium
10267,C060,38,87.24,3,3315.12,S24_2766,Medium
10279,C034,49,79.97,3,3918.53,S24_2766,Medium
10288,C040,35,80.87,9,2830.45,S24_2766,Small
10302,C088,49,100,5,5298.86,S24_2766,Medium
10311,C034,28,93.6,4,2620.8,S24_2766,Small
10321,C035,30,72.7,1,2181,S24_2766,Small
10332,C011,39,86.72,7,3382.08,S24_2766,Medium
10346,C076,25,100,1,2876.75,S24_2766,Small
10368,C057,40,100,2,4107.2,S24_2766,Medium
10380,C034,36,37.5,6,1350,S24_2766,Small
10407,C083,76,94.5,6,7182,S24_2766,Large
10420,C077,39,100,9,3933.93,S24_2766,Medium
10104,C034,44,39.6,10,1742.4,S24_2840,Small
10114,C044,24,30.06,1,721.44,S24_2840,Small
10127,C060,39,38.19,12,1489.41,S24_2840,Small
10141,C079,21,42.43,6,891.03,S24_2840,Small
10151,C065,30,40.31,4,1209.3,S24_2840,Small
10165,C032,27,31.82,13,859.14,S24_2840,Small
10175,C078,37,31.12,2,1151.44,S24_2840,Small
10184,C043,42,31.82,7,1336.44,S24_2840,Small
10195,C055,32,28.29,7,905.28,S24_2840,Small
10207,C030,42,29.7,8,1247.4,S24_2840,Small
10219,C075,21,40.31,3,846.51,S24_2840,Small
10229,C057,33,32.88,2,1085.04,S24_2840,Small
10246,C034,49,36.07,6,1767.43,S24_2840,Small
10259,C040,31,33.24,5,1030.44,S24_2840,Small
10271,C057,38,41.72,6,1585.36,S24_2840,Small
10281,C029,20,40.66,2,813.2,S24_2840,Small
10292,C046,39,30.06,9,1172.34,S24_2840,Small
10305,C050,48,31.47,6,1510.56,S24_2840,Small
10314,C041,39,37.13,15,1448.07,S24_2840,Small
10324,C090,30,100,9,3338.1,S24_2840,Medium
10335,C057,33,37.13,2,1225.29,S24_2840,Small
10349,C060,36,37.13,3,1336.68,S24_2840,Small
10358,C034,36,82.94,4,2985.84,S24_2840,Small
10371,C057,45,100,8,5545.8,S24_2840,Medium
10383,C034,40,100,3,6089.6,S24_2840,Medium
10394,C034,46,38.9,6,1789.4,S24_2840,Small
10412,C034,30,36.07,6,1082.1,S24_2840,Small
10425,C045,31,33.24,5,1030.44,S24_2840,Small
10106,C069,49,74.68,13,3659.32,S24_2841,Medium
10119,C072,41,59.6,4,2443.6,S24_2841,Small
10131,C037,35,67.14,5,2349.9,S24_2841,Small
10143,C056,27,60.97,8,1646.19,S24_2841,Small
10155,C086,23,72.62,6,1670.26,S24_2841,Small
10167,C074,21,69.88,2,1467.48,S24_2841,Small
10178,C001,34,80.84,5,2748.56,S24_2841,Small
10186,C031,22,69.2,2,1522.4,S24_2841,Small
10198,C026,48,67.82,5,3255.36,S24_2841,Medium
10209,C051,43,82.21,1,3535.03,S24_2841,Medium
10222,C022,32,81.53,5,2608.96,S24_2841,Small
10249,C017,20,67.82,1,1356.4,S24_2841,Small
10262,C034,24,67.14,10,1611.36,S24_2841,Small
10274,C023,40,65.08,2,2603.2,S24_2841,Small
10284,C061,30,73.99,12,2219.7,S24_2841,Small
10296,C013,21,71.25,8,1496.25,S24_2841,Small
10307,C019,25,75.36,2,1884,S24_2841,Small
10316,C039,34,63.71,10,2166.14,S24_2841,Small
10328,C069,48,58.92,1,2828.16,S24_2841,Small
10339,C084,55,100,12,6214.45,S24_2841,Medium
10351,C078,25,74.68,5,1867,S24_2841,Small
10373,C065,38,70.44,7,2676.72,S24_2841,Small
10386,C034,39,55.96,1,2182.44,S24_2841,Small
10398,C068,28,57.55,3,1611.4,S24_2841,Small
10400,C083,24,61.66,2,1479.84,S24_2841,Small
10415,C005,21,67.82,1,1424.22,S24_2841,Small
10110,C011,46,100,10,5942.28,S24_2887,Medium
10124,C076,25,93.95,9,2348.75,S24_2887,Small
10148,C003,34,100,3,4392.12,S24_2887,Medium
10161,C041,25,100,2,2759.75,S24_2887,Small
10173,C069,23,100,16,2728.03,S24_2887,Small
10182,C057,20,100,13,2395.8,S24_2887,Small
10192,C062,23,100,1,3052.33,S24_2887,Medium
10204,C060,42,100,7,4242,S24_2887,Medium
10213,C031,27,100,3,2790.45,S24_2887,Small
10227,C073,33,100,13,4340.49,S24_2887,Medium
10241,C054,28,98.65,5,2762.2,S24_2887,Small
10267,C060,43,100,2,4645.72,S24_2887,Medium
10279,C034,48,100,2,5580.96,S24_2887,Medium
10288,C040,48,100,8,6539.04,S24_2887,Medium
10302,C088,45,100,4,5548.95,S24_2887,Medium
10311,C034,43,100,3,4595.41,S24_2887,Medium
10332,C011,44,42.26,11,1859.44,S24_2887,Small
10346,C076,24,87.24,5,2093.76,S24_2887,Small
10368,C057,31,100,5,4223.13,S24_2887,Medium
10380,C034,44,36.29,7,1596.76,S24_2887,Small
10407,C083,59,98.65,5,5820.35,S24_2887,Medium
10420,C077,55,96.3,8,5296.5,S24_2887,Medium
10109,C059,29,32.1,6,930.9,S24_2972,Small
10122,C049,39,30.96,4,1207.44,S24_2972,Small
10135,C057,20,35.87,1,717.4,S24_2972,Small
10147,C023,25,42.67,1,1066.75,S24_2972,Small
10160,C051,42,37,2,1554,S24_2972,Small
10171,C067,36,35.49,4,1277.64,S24_2972,Small
10181,C042,37,42.67,8,1578.79,S24_2972,Small
10192,C062,30,30.59,13,917.7,S24_2972,Small
10203,C034,21,37,2,777,S24_2972,Small
10212,C034,34,43.42,12,1476.28,S24_2972,Small
10225,C089,42,36.63,3,1538.46,S24_2972,Small
10239,C065,20,44.56,2,891.2,S24_2972,Small
10253,C088,40,42.67,7,1706.8,S24_2972,Small
10266,C047,34,40.4,8,1373.6,S24_2972,Small
10278,C076,31,38.89,8,1205.59,S24_2972,Small
10287,C089,36,39.65,6,1427.4,S24_2972,Small
10301,C061,48,34.36,10,1649.28,S24_2972,Small
10310,C085,33,41.91,4,1383.03,S24_2972,Small
10321,C035,37,33.23,12,1229.51,S24_2972,Small
10331,C059,27,42.24,13,1140.48,S24_2972,Small
10342,C006,39,40.4,9,1575.6,S24_2972,Small
10355,C034,36,38.52,4,1386.72,S24_2972,Small
10367,C087,36,100,2,5018.4,S24_2972,Medium
10378,C034,41,100,7,5856.85,S24_2972,Medium
10390,C057,37,100,5,4894.73,S24_2972,Medium
10405,C054,47,44.56,2,2094.32,S24_2972,Small
10419,C072,15,42.67,7,640.05,S24_2972,Small
10105,C028,44,72.58,4,3193.52,S24_3151,Medium
10119,C072,35,87.62,13,3066.7,S24_3151,Medium
10129,C078,41,94.71,4,3883.11,S24_3151,Medium
10142,C057,49,98.25,1,4814.25,S24_3151,Medium
10154,C015,31,91.17,2,2826.27,S24_3151,Small
10167,C074,20,79.66,11,1593.2,S24_3151,Small
10177,C016,45,72.58,2,3266.1,S24_3151,Medium
10185,C056,33,74.35,2,2453.55,S24_3151,Small
10197,C033,47,83.2,8,3910.4,S24_3151,Medium
10208,C073,20,89.4,2,1788,S24_3151,Small
10222,C022,47,70.81,14,3328.07,S24_3151,Medium
10233,C082,40,94.71,2,3788.4,S24_3151,Medium
10248,C046,30,100,5,3053.7,S24_3151,Medium
10261,C067,22,91.17,3,2005.74,S24_3151,Small
10273,C066,27,100,6,2796.12,S24_3151,Small
10283,C070,34,92.94,8,3159.96,S24_3151,Medium
10295,C038,46,84.97,3,3908.62,S24_3151,Medium
10306,C011,31,84.08,2,2606.48,S24_3151,Small
10315,C045,24,86.74,1,2081.76,S24_3151,Small
10326,C091,41,85.85,3,3519.85,S24_3151,Medium
10339,C084,55,100,13,10758,S24_3151,Large
10350,C034,30,100,9,3021,S24_3151,Medium
10373,C065,33,57.32,12,1891.56,S24_3151,Small
10384,C024,43,97.87,2,4208.41,S24_3151,Medium
10396,C057,27,83.2,7,2246.4,S24_3151,Small
10414,C038,60,100,5,6107.4,S24_3151,Medium
10110,C011,27,73.62,12,1987.74,S24_3191,Small
10124,C076,49,83.04,11,4068.96,S24_3191,Medium
10148,C003,31,73.62,5,2282.22,S24_3191,Small
10161,C041,20,77.05,4,1541,S24_3191,Small
10172,C036,24,81.33,2,1951.92,S24_3191,Small
10182,C057,33,94.17,15,3107.61,S24_3191,Medium
10192,C062,32,72.77,3,2328.64,S24_3191,Small
10204,C060,40,79.62,9,3184.8,S24_3191,Medium
10212,C034,27,79.62,2,2149.74,S24_3191,Small
10227,C073,40,79.62,15,3184.8,S24_3191,Medium
10241,C054,26,81.33,7,2114.58,S24_3191,Small
10267,C060,44,96.74,4,4256.56,S24_3191,Medium
10279,C034,33,71.06,4,2344.98,S24_3191,Small
10288,C040,34,68.49,10,2328.66,S24_3191,Small
10302,C088,48,74.48,6,3575.04,S24_3191,Medium
10311,C034,25,83.04,5,2076,S24_3191,Small
10321,C035,39,84.75,2,3305.25,S24_3191,Medium
10332,C011,45,34.19,12,1538.55,S24_3191,Small
10346,C076,24,100,2,3325.92,S24_3191,Medium
10368,C057,46,79.62,1,3662.52,S24_3191,Medium
10380,C034,44,79.06,9,3478.64,S24_3191,Medium
10407,C083,13,81.33,7,1057.29,S24_3191,Small
10420,C077,35,96.74,10,3385.9,S24_3191,Medium
10108,C026,30,63.07,5,1892.1,S24_3371,Small
10122,C049,34,50.21,9,1707.14,S24_3371,Small
10135,C057,27,66.13,6,1785.51,S24_3371,Small
10147,C023,30,68.58,6,2057.4,S24_3371,Small
10159,C024,50,69.8,1,3490,S24_3371,Medium
10169,C003,34,50.21,1,1707.14,S24_3371,Small
10181,C042,23,65.52,13,1506.96,S24_3371,Small
10191,C085,48,60.01,2,2880.48,S24_3371,Small
10203,C034,34,64.9,7,2206.6,S24_3371,Small
10211,C009,48,48.98,1,2351.04,S24_3371,Small
10225,C089,24,50.21,8,1205.04,S24_3371,Small
10238,C028,47,62.45,2,2935.15,S24_3371,Small
10253,C088,24,52.66,12,1263.84,S24_3371,Small
10266,C047,47,62.45,13,2935.15,S24_3371,Small
10276,C063,20,61.23,2,1224.6,S24_3371,Small
10287,C089,20,67.97,11,1359.4,S24_3371,Small
10300,C014,31,58.78,4,1822.18,S24_3371,Small
10310,C085,38,56.94,9,2163.72,S24_3371,Small
10320,C091,26,61.23,2,1591.98,S24_3371,Small
10331,C059,25,100,9,3078.5,S24_3371,Medium
10342,C006,48,62.45,10,2997.6,S24_3371,Small
10355,C034,44,62.45,6,2747.8,S24_3371,Small
10363,C079,21,100,15,2447.76,S24_3371,Small
10378,C034,46,41.54,6,1910.84,S24_3371,Small
10390,C057,46,52.84,6,2430.64,S24_3371,Small
10419,C072,55,52.66,12,2896.3,S24_3371,Small
10106,C069,31,52.6,14,1630.6,S24_3420,Small
10119,C072,20,72.98,5,1459.6,S24_3420,Small
10131,C037,29,59.18,6,1716.22,S24_3420,Small
10143,C056,33,77.59,9,2560.47,S24_3420,Small
10155,C086,34,55.89,7,1900.26,S24_3420,Small
10167,C074,32,63.12,3,2019.84,S24_3420,Small
10178,C001,27,73.64,6,1988.28,S24_3420,Small
10186,C031,21,69.04,3,1449.84,S24_3420,Small
10198,C026,27,71.67,6,1935.09,S24_3420,Small
10209,C051,36,77.59,2,2793.24,S24_3420,Small
10222,C022,43,70.35,6,3025.05,S24_3420,Medium
10249,C017,25,69.7,2,1742.5,S24_3420,Small
10262,C034,46,70.35,11,3236.1,S24_3420,Medium
10274,C023,24,72.33,3,1735.92,S24_3420,Small
10284,C061,39,71.67,13,2795.13,S24_3420,Small
10296,C013,31,53.92,9,1671.52,S24_3420,Small
10307,C019,22,71.67,3,1576.74,S24_3420,Small
10316,C039,47,76.93,11,3615.71,S24_3420,Medium
10328,C069,20,72.98,2,1459.6,S24_3420,Small
10339,C084,29,99.69,14,2891.01,S24_3420,Small
10351,C078,38,68.38,4,2598.44,S24_3420,Small
10361,C077,34,100,6,3871.92,S24_3420,Medium
10373,C065,46,66,11,3036,S24_3420,Medium
10386,C034,35,63.76,9,2231.6,S24_3420,Small
10398,C068,34,71.67,13,2436.78,S24_3420,Small
10400,C083,38,57.2,3,2173.6,S24_3420,Small
10415,C005,18,69.7,2,1254.6,S24_3420,Small
10110,C011,37,100,14,3724.42,S24_3432,Medium
10124,C076,43,100,13,5203,S24_3432,Medium
10148,C003,27,100,7,3469.5,S24_3432,Medium
10161,C041,30,100,6,3148.2,S24_3432,Medium
10172,C036,22,98.51,4,2167.22,S24_3432,Small
10182,C057,49,100,17,6244.07,S24_3432,Medium
10192,C062,46,100,5,5566,S24_3432,Medium
10204,C060,48,91.02,11,4368.96,S24_3432,Medium
10212,C034,46,87.81,4,4039.26,S24_3432,Medium
10226,C022,48,92.09,2,4420.32,S24_3432,Medium
10241,C054,27,86.73,9,2341.71,S24_3432,Small
10267,C060,43,100,6,5110.98,S24_3432,Medium
10279,C034,48,100,6,6168,S24_3432,Medium
10288,C040,41,100,12,4873.26,S24_3432,Medium
10301,C061,22,96.37,2,2120.14,S24_3432,Small
10311,C034,46,92.09,7,4236.14,S24_3432,Medium
10321,C035,21,89.95,4,1888.95,S24_3432,Small
10332,C011,31,37.18,13,1152.58,S24_3432,Small
10346,C076,26,95.88,6,2492.88,S24_3432,Small
10368,C057,20,99.58,4,1991.6,S24_3432,Small
10380,C034,34,100,11,3953.18,S24_3432,Medium
10407,C083,43,86.73,9,3729.39,S24_3432,Medium
10420,C077,26,100,12,2617.16,S24_3432,Small
10105,C028,50,79.67,1,3983.5,S24_3816,Medium
10119,C072,35,90.57,10,3169.95,S24_3816,Medium
10129,C078,50,77.99,1,3899.5,S24_3816,Medium
10143,C056,23,80.51,14,1851.73,S24_3816,Small
10155,C086,37,67.93,12,2513.41,S24_3816,Small
10167,C074,29,83.86,8,2431.94,S24_3816,Small
10178,C001,21,72.12,11,1514.52,S24_3816,Small
10186,C031,36,85.54,8,3079.44,S24_3816,Medium
10197,C033,22,86.38,5,1900.36,S24_3816,Small
10209,C051,22,89.73,7,1974.06,S24_3816,Small
10222,C022,46,80.51,11,3703.46,S24_3816,Medium
10248,C046,23,76.31,2,1755.13,S24_3816,Small
10262,C034,49,87.21,16,4273.29,S24_3816,Medium
10273,C066,48,83.02,3,3984.96,S24_3816,Medium
10283,C070,33,72.96,5,2407.68,S24_3816,Small
10296,C013,22,77.15,14,1697.3,S24_3816,Small
10307,C019,22,91.41,8,2011.02,S24_3816,Small
10316,C039,25,92.25,16,2306.25,S24_3816,Small
10326,C091,20,92.25,2,1845,S24_3816,Small
10339,C084,42,59.36,16,2493.12,S24_3816,Small
10350,C034,25,60.34,10,1508.5,S24_3816,Small
10373,C065,23,100,10,2394.3,S24_3816,Small
10385,C057,37,85.54,2,3164.98,S24_3816,Medium
10396,C057,37,90.57,8,3351.09,S24_3816,Medium
10400,C083,42,72.96,8,3064.32,S24_3816,Medium
10414,C038,51,76.31,2,3891.81,S24_3816,Medium
10108,C026,40,100,1,5448.8,S24_3856,Medium
10122,C049,43,100,5,5494.97,S24_3856,Medium
10135,C057,47,100,2,6336.07,S24_3856,Medium
10147,C023,23,100,2,2906.97,S24_3856,Small
10160,C051,35,100,3,4767.7,S24_3856,Medium
10170,C053,34,100,1,3819.56,S24_3856,Medium
10181,C042,25,100,9,3861.75,S24_3856,Medium
10192,C062,45,100,14,6319.35,S24_3856,Medium
10203,C034,47,100,3,6996.42,S24_3856,Medium
10212,C034,49,100,13,6949.67,S24_3856,Medium
10225,C089,40,100,4,4550,S24_3856,Medium
10239,C065,29,100,3,4479.63,S24_3856,Medium
10253,C088,39,100,8,5148,S24_3856,Medium
10266,C047,24,100,9,2932.08,S24_3856,Small
10278,C076,25,100,9,3159.75,S24_3856,Medium
10287,C089,36,100,7,4297.32,S24_3856,Medium
10301,C061,50,100,11,7723.5,S24_3856,Large
10310,C085,45,100,5,5497.65,S24_3856,Medium
10321,C035,26,100,13,4052.88,S24_3856,Medium
10331,C059,21,100,1,3135.93,S24_3856,Medium
10342,C006,42,100,6,5013.54,S24_3856,Medium
10355,C034,32,100,8,5302.72,S24_3856,Medium
10363,C079,31,94.58,1,2931.98,S24_3856,Small
10378,C034,33,53.27,3,1757.91,S24_3856,Small
10390,C057,45,100,8,6763.05,S24_3856,Medium
10405,C054,76,100,3,11739.7,S24_3856,Large
10419,C072,70,100,8,9240,S24_3856,Large
10106,C069,50,64.83,11,3241.5,S24_3949,Medium
10119,C072,28,70.29,2,1968.12,S24_3949,Small
10131,C037,50,81.89,3,4094.5,S24_3949,Medium
10143,C056,28,66.19,6,1853.32,S24_3949,Small
10155,C086,44,77.11,4,3392.84,S24_3949,Medium
10168,C081,27,73.02,18,1971.54,S24_3949,Small
10178,C001,30,72.33,3,2169.9,S24_3949,Small
10198,C026,43,66.19,3,2846.17,S24_3949,Small
10210,C064,29,69.6,16,2018.4,S24_3949,Small
10222,C022,48,56.64,3,2718.72,S24_3949,Small
10235,C070,33,60.05,12,1981.65,S24_3949,Small
10250,C083,40,75.06,13,3002.4,S24_3949,Medium
10262,C034,48,61.42,8,2948.16,S24_3949,Small
10275,C045,41,81.89,18,3357.49,S24_3949,Medium
10284,C061,21,55.96,10,1175.16,S24_3949,Small
10296,C013,32,71.65,6,2292.8,S24_3949,Small
10308,C055,43,76.43,16,3286.49,S24_3949,Medium
10316,C039,30,77.79,8,2333.7,S24_3949,Small
10328,C069,35,76.43,3,2675.05,S24_3949,Small
10339,C084,45,96.92,11,4361.4,S24_3949,Medium
10351,C078,34,59.37,3,2018.58,S24_3949,Small
10361,C077,26,100,7,3710.98,S24_3949,Medium
10373,C065,39,73,13,2847,S24_3949,Small
10386,C034,41,73.32,12,3006.12,S24_3949,Medium
10398,C068,41,68.24,2,2797.84,S24_3949,Small
10401,C082,64,60.05,12,3843.2,S24_3949,Medium
10416,C047,18,75.06,13,1351.08,S24_3949,Small
10100,C062,49,34.47,1,1689.03,S24_3969,Small
10110,C011,48,34.47,5,1654.56,S24_3969,Small
10124,C076,46,33.23,4,1528.58,S24_3969,Small
10149,C075,26,38.98,9,1013.48,S24_3969,Small
10162,C024,37,38.98,7,1442.26,S24_3969,Small
10173,C069,35,33.23,11,1163.05,S24_3969,Small
10182,C057,23,42.26,8,971.98,S24_3969,Small
10193,C005,22,41.03,12,902.66,S24_3969,Small
10204,C060,39,33.23,2,1295.97,S24_3969,Small
10214,C025,44,34.88,5,1534.72,S24_3969,Small
10227,C073,27,43.9,8,1185.3,S24_3969,Small
10242,C052,46,36.93,1,1698.78,S24_3969,Small
10280,C002,33,41.85,14,1381.05,S24_3969,Small
10288,C040,33,40.62,3,1340.46,S24_3969,Small
10303,C043,24,40.21,1,965.04,S24_3969,Small
10312,C057,31,35.29,15,1093.99,S24_3969,Small
10332,C011,41,77.24,14,3166.84,S24_3969,Medium
10346,C076,22,97.44,4,2143.68,S24_3969,Small
10368,C057,46,37.34,3,1717.64,S24_3969,Small
10380,C034,43,95.03,12,4086.29,S24_3969,Medium
10408,C084,15,36.93,1,553.95,S24_3969,Small
10420,C077,15,43.49,3,652.35,S24_3969,Small
10104,C034,26,100,5,2921.62,S24_4048,Small
10115,C020,44,100,1,5568.64,S24_4048,Medium
10127,C060,20,96.99,7,1939.8,S24_4048,Small
10141,C079,40,94.62,1,3784.8,S24_4048,Medium
10152,C007,23,100,3,2802.09,S24_4048,Small
10165,C032,24,99.36,8,2384.64,S24_4048,Small
10176,C047,29,100,7,2915.66,S24_4048,Small
10184,C043,49,100,2,5795.72,S24_4048,Medium
10195,C055,34,100,2,3699.88,S24_4048,Medium
10207,C030,28,100,3,2980.6,S24_4048,Small
10220,C021,37,100,7,5032.74,S24_4048,Medium
10230,C014,45,100,5,4737.15,S24_4048,Medium
10246,C034,46,100,1,6311.2,S24_4048,Medium
10271,C057,22,100,1,3070.54,S24_4048,Medium
10282,C057,39,100,10,4797.39,S24_4048,Medium
10292,C046,27,100,4,3832.38,S24_4048,Medium
10305,C050,36,100,1,4641.48,S24_4048,Medium
10314,C041,38,100,10,4000.26,S24_4048,Medium
10325,C012,44,100,5,5325.76,S24_4048,Medium
10336,C044,31,100,5,4618.69,S24_4048,Medium
10349,C060,23,100,2,3182.97,S24_4048,Medium
10359,C068,22,100,7,2603.04,S24_4048,Small
10371,C057,28,50.32,9,1408.96,S24_4048,Small
10383,C034,21,93.91,4,1972.11,S24_4048,Small
10394,C034,37,100,7,5207.75,S24_4048,Medium
10412,C034,31,100,1,4253.2,S24_4048,Medium
10103,C012,25,100,15,2873,S24_4258,Small
10111,C058,26,86.68,3,2253.68,S24_4258,Small
10126,C025,34,100,15,3576.12,S24_4258,Medium
10139,C077,29,100,4,3276.13,S24_4258,Medium
10149,C075,20,90.57,1,1811.4,S24_4258,Small
10163,C020,42,91.55,5,3845.1,S24_4258,Medium
10173,C069,22,100,3,2571.14,S24_4258,Small
10183,C019,47,100,12,5035.11,S24_4258,Medium
10193,C005,20,100,4,2279,S24_4258,Small
10206,C018,33,97.39,10,3213.87,S24_4258,Medium
10215,C092,39,90.57,7,3532.23,S24_4258,Medium
10228,C017,33,100,6,3406.59,S24_4258,Medium
10244,C034,40,86.68,4,3467.2,S24_4258,Medium
10257,C083,46,78.89,4,3628.94,S24_4258,Medium
10269,C072,48,97.39,2,4674.72,S24_4258,Medium
10280,C002,21,78.89,6,1656.69,S24_4258,Small
10290,C010,45,100,1,5171.4,S24_4258,Medium
10304,C008,33,100,10,3342.57,S24_4258,Medium
10312,C057,44,100,7,4884.88,S24_4258,Medium
10324,C090,33,100,3,6267.69,S24_4258,Medium
10333,C058,39,100,1,4424.16,S24_4258,Medium
10348,C025,39,50.31,2,1962.09,S24_4258,Small
10358,C034,41,100,6,6847,S24_4258,Medium
10369,C023,40,86.92,3,3476.8,S24_4258,Medium
10382,C057,33,100,4,4592.61,S24_4258,Medium
10423,C066,28,78.89,4,2208.92,S24_4258,Small
10106,C069,26,63.76,3,1657.76,S24_4278,Small
10120,C006,29,85.49,9,2479.21,S24_4278,Small
10133,C034,46,77.52,4,3565.92,S24_4278,Medium
10145,C087,33,84.77,15,2797.41,S24_4278,Small
10168,C081,48,78.25,10,3756,S24_4278,Medium
10210,C064,40,71,8,2840,S24_4278,Small
10223,C006,23,74.62,10,1716.26,S24_4278,Small
10235,C070,40,81.14,4,3245.6,S24_4278,Medium
10250,C083,37,74.62,5,2760.94,S24_4278,Small
10263,C036,24,75.35,11,1808.4,S24_4278,Small
10275,C045,27,62.31,10,1682.37,S24_4278,Small
10284,C061,21,71,2,1491,S24_4278,Small
10297,C021,23,72.45,5,1666.35,S24_4278,Small
10308,C055,44,83.32,8,3666.08,S24_4278,Medium
10317,C081,35,83.32,1,2916.2,S24_4278,Small
10328,C069,43,60.86,4,2616.98,S24_4278,Small
10340,C033,40,84.77,1,3390.8,S24_4278,Medium
10353,C037,35,89.9,3,3146.5,S24_4278,Medium
10361,C077,25,62.46,1,1561.5,S24_4278,Small
10375,C045,43,100,2,10039.6,S24_4278,Large
10386,C034,50,63.34,8,3167,S24_4278,Medium
10398,C068,45,78.25,14,3521.25,S24_4278,Medium
10401,C082,52,81.14,4,4219.28,S24_4278,Medium
10416,C047,48,74.62,5,3581.76,S24_4278,Medium
10108,C026,31,68.71,10,2130.01,S24_4620,Small
10122,C049,29,71.14,14,2063.06,S24_4620,Small
10135,C057,23,87.31,11,2008.13,S24_4620,Small
10147,C023,31,64.67,11,2004.77,S24_4620,Small
10159,C024,23,67.1,6,1543.3,S24_4620,Small
10169,C003,24,94.58,6,2269.92,S24_4620,Small
10180,C027,28,71.14,1,1991.92,S24_4620,Small
10191,C085,44,66.29,7,2916.76,S24_4620,Small
10211,C009,22,92.16,6,2027.52,S24_4620,Small
10225,C089,46,70.33,13,3235.18,S24_4620,Medium
10238,C028,22,93.77,7,2062.94,S24_4620,Small
10252,C009,38,87.31,3,3317.78,S24_4620,Medium
10264,C038,47,83.27,1,3913.69,S24_4620,Medium
10276,C063,48,75.18,7,3608.64,S24_4620,Medium
10287,C089,40,88.12,16,3524.8,S24_4620,Medium
10299,C086,32,80.84,1,2586.88,S24_4620,Small
10310,C085,49,97.01,14,4753.49,S24_4620,Medium
10319,C052,43,85.69,2,3684.67,S24_4620,Medium
10331,C059,41,100,2,5715.4,S24_4620,Medium
10343,C068,30,100,1,3098.7,S24_4620,Medium
10355,C034,28,95.39,9,2670.92,S24_4620,Small
10363,C079,43,100,9,5154.41,S24_4620,Medium
10378,C034,41,100,2,4894.17,S24_4620,Medium
10390,C057,30,82.42,10,2472.6,S24_4620,Small
10103,C012,31,100,3,3224.31,S32_1268,Medium
10114,C044,32,100,7,3667.52,S32_1268,Medium
10126,C025,43,96.31,3,4141.33,S32_1268,Medium
10140,C081,26,100,3,2829.58,S32_1268,Small
10151,C065,27,100,10,3068.55,S32_1268,Medium
10164,C053,24,100,1,2634.96,S32_1268,Small
10175,C078,22,100,8,2436.72,S32_1268,Small
10184,C043,46,100,13,4607.36,S32_1268,Medium
10194,C073,37,97.27,3,3598.99,S32_1268,Medium
10207,C030,49,80.9,14,3964.1,S32_1268,Medium
10217,C040,21,100,3,2244.9,S32_1268,Small
10229,C057,25,100,8,2793,S32_1268,Small
10245,C080,37,100,1,4133.64,S32_1268,Medium
10259,C040,45,86.68,11,3900.6,S32_1268,Medium
10270,C077,32,85.72,1,2743.04,S32_1268,Small
10281,C029,29,82.83,8,2402.07,S32_1268,Small
10291,C074,26,83.79,3,2178.54,S32_1268,Small
10305,C050,28,100,12,3155.04,S32_1268,Medium
10313,C018,27,87.64,6,2366.28,S32_1268,Small
10324,C090,20,98.18,11,1963.6,S32_1268,Small
10335,C057,44,100,1,4746.28,S32_1268,Medium
10348,C025,42,100,3,6386.94,S32_1268,Medium
10358,C034,41,100,1,4428,S32_1268,Medium
10371,C057,26,100,1,4044.04,S32_1268,Medium
10382,C057,26,100,6,2708.42,S32_1268,Small
10411,C067,26,100,1,2904.72,S32_1268,Small
10425,C045,41,86.68,11,3553.88,S32_1268,Medium
10107,C046,20,92.9,8,1858,S32_1374,Small
10120,C006,22,100,6,2461.36,S32_1374,Small
10133,C034,23,100,1,2642.01,S32_1374,Small
10145,C087,33,93.9,12,3098.7,S32_1374,Medium
10168,C081,28,100,7,3244.36,S32_1374,Medium
10188,C042,44,98.89,7,4351.16,S32_1374,Medium
10210,C064,46,79.91,5,3675.86,S32_1374,Medium
10223,C006,21,100,7,2475.27,S32_1374,Small
10235,C070,41,100,1,4177.49,S32_1374,Medium
10250,C083,31,100,2,3282.28,S32_1374,Medium
10263,C036,31,79.91,8,2477.21,S32_1374,Small
10275,C045,23,81.91,7,1883.93,S32_1374,Small
10285,C050,37,98.89,12,3658.93,S32_1374,Medium
10297,C021,26,100,2,2856.88,S32_1374,Small
10308,C055,24,79.91,5,1917.84,S32_1374,Small
10318,C029,47,100,7,5305.36,S32_1374,Medium
10329,C046,45,63.91,11,2875.95,S32_1374,Small
10340,C033,55,100,2,6482.85,S32_1374,Medium
10353,C037,46,81.17,5,3733.82,S32_1374,Medium
10363,C079,50,100,2,6576.5,S32_1374,Medium
10375,C045,37,100,3,6353.27,S32_1374,Medium
10387,C032,44,94.9,1,4175.6,S32_1374,Medium
10401,C082,49,100,1,4992.61,S32_1374,Medium
10416,C047,45,100,2,4764.6,S32_1374,Medium
10108,C026,27,43.45,13,1173.15,S32_2206,Small
10122,C049,31,44.66,17,1384.46,S32_2206,Small
10135,C057,33,40.23,14,1327.59,S32_2206,Small
10145,C087,31,35.8,1,1109.8,S32_2206,Small
10159,C024,35,35.4,9,1239,S32_2206,Small
10169,C003,26,39.83,9,1035.58,S32_2206,Small
10180,C027,34,45.46,4,1545.64,S32_2206,Small
10190,C034,46,32.99,1,1517.54,S32_2206,Small
10211,C009,41,42.24,9,1731.84,S32_2206,Small
10224,C027,43,39.43,2,1695.49,S32_2206,Small
10237,C090,26,40.23,2,1045.98,S32_2206,Small
10252,C009,36,48.28,6,1738.08,S32_2206,Small
10264,C038,20,32.59,4,651.8,S32_2206,Small
10276,C063,27,36.61,10,988.47,S32_2206,Small
10285,C050,37,41.03,1,1518.11,S32_2206,Small
10299,C086,24,42.24,4,1013.76,S32_2206,Small
10310,C085,36,43.05,17,1549.8,S32_2206,Small
10319,C052,29,38.22,5,1108.38,S32_2206,Small
10331,C059,28,100,3,4102.56,S32_2206,Medium
10343,C068,29,100,5,3713.16,S32_2206,Medium
10355,C034,38,39.83,10,1513.54,S32_2206,Small
10364,C049,48,48.28,1,2317.44,S32_2206,Small
10378,C034,40,82.46,1,3298.4,S32_2206,Medium
10390,C057,41,44.56,11,1826.96,S32_2206,Small
10403,C088,30,40.23,2,1206.9,S32_2206,Small
10104,C034,35,47.62,11,1666.7,S32_2509,Small
10114,C044,28,55.73,2,1560.44,S32_2509,Small
10127,C060,45,51.95,13,2337.75,S32_2509,Small
10141,C079,24,45.99,7,1103.76,S32_2509,Small
10151,C065,41,63.85,5,2617.85,S32_2509,Small
10165,C032,48,45.99,14,2207.52,S32_2509,Small
10175,C078,50,63.31,3,3165.5,S32_2509,Medium
10184,C043,33,62.77,8,2071.41,S32_2509,Small
10195,C055,32,43.29,8,1385.28,S32_2509,Small
10207,C030,27,60.06,9,1621.62,S32_2509,Small
10219,C075,35,55.19,4,1931.65,S32_2509,Small
10229,C057,23,54.11,3,1244.53,S32_2509,Small
10246,C034,35,48.7,7,1704.5,S32_2509,Small
10259,C040,40,43.83,6,1753.2,S32_2509,Small
10271,C057,35,47.62,7,1666.7,S32_2509,Small
10281,C029,31,55.19,3,1710.89,S32_2509,Small
10292,C046,50,46.53,10,2326.5,S32_2509,Small
10305,C050,40,57.9,7,2316,S32_2509,Small
10313,C018,38,45.45,1,1727.1,S32_2509,Small
10325,C012,38,100,3,8844.12,S32_2509,Large
10335,C057,40,60.6,3,2424,S32_2509,Small
10349,C060,33,46.53,1,1535.49,S32_2509,Small
10359,C068,36,100,3,6358.68,S32_2509,Medium
10371,C057,20,66.47,2,1329.4,S32_2509,Small
10383,C034,32,53.18,5,1701.76,S32_2509,Small
10394,C034,36,62.77,3,2259.72,S32_2509,Small
10412,C034,19,48.7,7,925.3,S32_2509,Small
10425,C045,11,43.83,6,482.13,S32_2509,Small
10104,C034,49,65.87,4,3227.63,S32_3207,Medium
10116,C071,27,63.38,1,1711.26,S32_3207,Small
10127,C060,29,70.84,6,2054.36,S32_3207,Small
10142,C057,42,74.57,16,3131.94,S32_3207,Medium
10152,C007,33,50.95,2,1681.35,S32_3207,Small
10165,C032,44,53.44,7,2351.36,S32_3207,Small
10176,C047,22,64,6,1408,S32_3207,Small
10184,C043,48,50.95,1,2445.6,S32_3207,Small
10195,C055,33,54.68,1,1804.44,S32_3207,Small
10207,C030,45,56.55,2,2544.75,S32_3207,Small
10220,C021,20,52.82,6,1056.4,S32_3207,Small
10230,C014,46,60.9,4,2801.4,S32_3207,Small
10247,C079,40,49.71,6,1988.4,S32_3207,Small
10272,C029,45,64.63,6,2908.35,S32_3207,Small
10282,C057,36,59.65,9,2147.4,S32_3207,Small
10292,C046,31,67.73,3,2099.63,S32_3207,Small
10306,C011,46,50.33,17,2315.18,S32_3207,Small
10314,C041,35,66.49,9,2327.15,S32_3207,Small
10325,C012,28,100,2,5377.4,S32_3207,Medium
10336,C044,31,84.71,9,2626.01,S32_3207,Small
10350,C034,27,100,14,4406.4,S32_3207,Medium
10359,C068,22,100,1,4301.22,S32_3207,Medium
10371,C057,30,99.55,11,2986.5,S32_3207,Small
10383,C034,44,36.07,8,1587.08,S32_3207,Small
10394,C034,30,60.28,4,1808.4,S32_3207,Small
10413,C036,24,49.71,6,1193.04,S32_3207,Small
10103,C012,45,75.63,7,3403.35,S32_3522,Medium
10113,C057,23,68.52,1,1575.96,S32_3522,Small
10126,C025,26,62.7,7,1630.2,S32_3522,Small
10140,C081,28,60.76,7,1701.28,S32_3522,Small
10150,C032,49,58.18,4,2850.82,S32_3522,Small
10164,C053,49,54.94,5,2692.06,S32_3522,Small
10175,C078,29,74.98,12,2174.42,S32_3522,Small
10183,C019,49,64.64,4,3167.36,S32_3522,Medium
10194,C073,39,54.94,7,2142.66,S32_3522,Small
10206,C018,36,58.82,2,2117.52,S32_3522,Small
10217,C040,39,62.05,7,2419.95,S32_3522,Small
10229,C057,30,73.04,12,2191.2,S32_3522,Small
10245,C080,44,69.16,5,3043.04,S32_3522,Medium
10258,C084,20,61.41,2,1228.2,S32_3522,Small
10270,C077,21,63.35,5,1330.35,S32_3522,Small
10281,C029,36,77.57,12,2792.52,S32_3522,Small
10291,C074,32,71.75,7,2296,S32_3522,Small
10304,C008,36,73.04,2,2629.44,S32_3522,Small
10313,C018,34,56.24,10,1912.16,S32_3522,Small
10324,C090,48,100,4,8209.44,S32_3522,Large
10333,C058,33,73.69,4,2431.77,S32_3522,Small
10348,C025,31,100,5,3139.99,S32_3522,Medium
10358,C034,36,100,2,5669.64,S32_3522,Medium
10370,C003,25,100,3,3160.25,S32_3522,Medium
10382,C057,48,100,8,6799.68,S32_3522,Medium
10411,C067,27,69.16,5,1867.32,S32_3522,Small
10424,C034,44,61.41,2,2702.04,S32_3522,Small
10106,C069,33,72.92,5,2406.36,S32_4289,Small
10120,C006,29,72.23,11,2094.67,S32_4289,Small
10133,C034,49,57.1,6,2797.9,S32_4289,Small
10144,C071,20,81.86,1,1637.2,S32_4289,Small
10168,C081,31,73.61,12,2281.91,S32_4289,Small
10210,C064,39,59.16,10,2307.24,S32_4289,Small
10223,C006,20,66.04,12,1320.8,S32_4289,Small
10235,C070,34,77.73,6,2642.82,S32_4289,Small
10250,C083,50,61.22,7,3061,S32_4289,Medium
10262,C034,40,79.11,2,3164.4,S32_4289,Medium
10275,C045,28,63.97,12,1791.16,S32_4289,Small
10284,C061,50,81.86,4,4093,S32_4289,Medium
10297,C021,28,79.8,7,2234.4,S32_4289,Small
10308,C055,46,66.04,10,3037.84,S32_4289,Medium
10316,C039,24,59.16,2,1419.84,S32_4289,Small
10328,C069,24,81.17,5,1948.08,S32_4289,Small
10340,C033,39,59.16,3,2307.24,S32_4289,Small
10353,C037,40,44.51,7,1780.4,S32_4289,Small
10361,C077,49,72.33,2,3544.17,S32_4289,Medium
10375,C045,44,82.26,4,3619.44,S32_4289,Medium
10388,C035,35,100,8,3918.95,S32_4289,Medium
10398,C068,22,67.41,4,1483.02,S32_4289,Small
10401,C082,62,77.73,6,4819.26,S32_4289,Medium
10416,C047,26,61.22,7,1591.72,S32_4289,Small
10108,C026,31,100,16,3669.78,S32_4485,Medium
10121,C068,25,86.74,3,2168.5,S32_4485,Small
10135,C057,30,89.8,17,2694,S32_4485,Small
10145,C087,27,100,4,3251.34,S32_4485,Medium
10159,C024,23,100,12,2347.15,S32_4485,Small
10169,C003,34,100,12,3920.88,S32_4485,Medium
10180,C027,22,100,7,2514.6,S32_4485,Small
10190,C034,42,85.72,4,3600.24,S32_4485,Medium
10211,C009,37,100,12,4040.03,S32_4485,Medium
10224,C027,30,100,5,3336.9,S32_4485,Medium
10237,C090,27,100,5,3113.64,S32_4485,Medium
10252,C009,25,100,9,2832,S32_4485,Small
10264,C038,34,97.97,7,3330.98,S32_4485,Medium
10276,C063,38,100,13,4304.64,S32_4485,Medium
10285,C050,26,100,4,2600.26,S32_4485,Small
10299,C086,38,100,7,4382.16,S32_4485,Medium
10309,C012,50,84.7,3,4235,S32_4485,Medium
10319,C052,22,100,8,2626.8,S32_4485,Small
10331,C059,32,100,4,5026.56,S32_4485,Medium
10341,C072,31,71.02,4,2201.62,S32_4485,Small
10355,C034,40,100,5,4326.8,S32_4485,Medium
10365,C056,22,100,3,3425.18,S32_4485,Medium
10375,C045,41,100,15,4701.88,S32_4485,Medium
10390,C057,45,48.98,12,2204.1,S32_4485,Small
10403,C088,45,100,5,5189.4,S32_4485,Medium
10106,C069,39,40.15,6,1565.85,S50_1341,Small
10120,C006,49,50.62,12,2480.38,S50_1341,Small
10133,C034,27,50.19,7,1355.13,S50_1341,Small
10143,C056,34,36.66,1,1246.44,S50_1341,Small
10156,C034,20,41.02,1,820.4,S50_1341,Small
10168,C081,48,51.93,13,2492.64,S50_1341,Small
10199,C092,29,38.4,1,1113.6,S50_1341,Small
10210,C064,43,41.02,11,1763.86,S50_1341,Small
10223,C006,41,46.26,13,1896.66,S50_1341,Small
10235,C070,41,35.35,7,1449.35,S50_1341,Small
10250,C083,36,51.93,8,1869.48,S50_1341,Small
10262,C034,49,37.97,3,1860.53,S50_1341,Small
10275,C045,38,45.39,13,1724.82,S50_1341,Small
10284,C061,33,51.93,5,1713.69,S50_1341,Small
10296,C013,26,48.44,1,1259.44,S50_1341,Small
10308,C055,47,43.64,11,2051.08,S50_1341,Small
10316,C039,34,47.57,3,1617.38,S50_1341,Small
10328,C069,34,51.93,7,1765.62,S50_1341,Small
10340,C033,40,50.62,4,2024.8,S50_1341,Small
10353,C037,40,82.21,8,3288.4,S50_1341,Medium
10361,C077,33,82.59,3,2725.47,S50_1341,Small
10375,C045,49,65.8,5,3224.2,S50_1341,Medium
10388,C035,27,100,1,3211.38,S50_1341,Medium
10398,C068,49,36.66,5,1796.34,S50_1341,Small
10401,C082,56,35.35,7,1979.6,S50_1341,Small
10416,C047,37,51.93,8,1921.41,S50_1341,Small
10104,C034,33,100,7,3705.24,S50_1392,Medium
10115,C020,27,100,3,2843.91,S50_1392,Small
10127,C060,46,100,9,6176.42,S50_1392,Medium
10141,C079,44,100,3,5500.44,S50_1392,Medium
10151,C065,26,100,1,3220.1,S50_1392,Medium
10165,C032,48,94.92,10,4556.16,S50_1392,Medium
10176,C047,23,100,9,3114.89,S50_1392,Medium
10184,C043,45,100,4,4948.2,S50_1392,Medium
10195,C055,49,100,4,5161.17,S50_1392,Medium
10207,C030,28,94.92,5,2657.76,S50_1392,Small
10220,C021,37,100,9,3983.05,S50_1392,Medium
10230,C014,34,100,7,3974.94,S50_1392,Medium
10246,C034,22,100,3,2928.42,S50_1392,Small
10259,C040,29,100,2,3054.57,S50_1392,Medium
10271,C057,34,98.39,3,3345.26,S50_1392,Medium
10282,C057,38,100,12,4310.72,S50_1392,Medium
10292,C046,41,100,6,4983.14,S50_1392,Medium
10305,C050,42,100,3,4618.32,S50_1392,Medium
10314,C041,28,100,12,3403.12,S50_1392,Medium
10325,C012,38,100,4,5190.42,S50_1392,Medium
10336,C044,23,100,8,3141.57,S50_1392,Medium
10350,C034,31,71.4,8,2213.4,S50_1392,Small
10359,C068,46,100,2,4896.7,S50_1392,Medium
10371,C057,48,56.55,10,2714.4,S50_1392,Small
10383,C034,29,100,13,3087.05,S50_1392,Medium
10395,C048,46,100,4,5692.96,S50_1392,Medium
10412,C034,26,100,3,3460.86,S50_1392,Medium
10425,C045,18,100,2,1895.94,S50_1392,Small
10104,C034,32,53.31,2,1705.92,S50_1514,Small
10117,C032,21,49.21,11,1033.41,S50_1514,Small
10127,C060,46,69.12,4,3179.52,S50_1514,Medium
10142,C057,42,49.79,14,2091.18,S50_1514,Small
10153,C034,31,57.41,13,1779.71,S50_1514,Small
10165,C032,38,66.78,5,2537.64,S50_1514,Small
10176,C047,38,64.44,4,2448.72,S50_1514,Small
10185,C056,20,48.62,15,972.4,S50_1514,Small
10196,C080,46,62.09,7,2856.14,S50_1514,Small
10208,C073,30,65.61,15,1968.3,S50_1514,Small
10220,C021,30,68.54,4,2056.2,S50_1514,Small
10230,C014,43,52.14,2,2242.02,S50_1514,Small
10247,C079,49,63.85,4,3128.65,S50_1514,Medium
10272,C029,43,56.82,4,2443.26,S50_1514,Small
10282,C057,37,66.78,7,2470.86,S50_1514,Small
10292,C046,35,55.07,1,1927.45,S50_1514,Small
10306,C011,34,60.34,15,2051.56,S50_1514,Small
10314,C041,38,61.51,7,2337.38,S50_1514,Small
10325,C012,44,100,7,5932.96,S50_1514,Medium
10337,C020,21,100,6,2296.77,S50_1514,Small
10350,C034,44,100,17,6490.88,S50_1514,Medium
10359,C068,25,64.93,4,1623.25,S50_1514,Small
10372,C084,24,58.58,9,1405.92,S50_1514,Small
10383,C034,38,60.06,10,2282.28,S50_1514,Small
10395,C048,45,100,3,8977.05,S50_1514,Large
10413,C036,51,63.85,4,3256.35,S50_1514,Medium
10108,C026,34,82.99,14,2821.66,S50_4713,Small
10121,C068,44,74.85,1,3293.4,S50_4713,Medium
10135,C057,44,96,15,4224,S50_4713,Medium
10145,C087,38,81.36,2,3091.68,S50_4713,Medium
10159,C024,31,71.6,10,2219.6,S50_4713,Small
10169,C003,48,80.55,10,3866.4,S50_4713,Medium
10180,C027,21,93.56,5,1964.76,S50_4713,Small
10190,C034,40,66.72,2,2668.8,S50_4713,Small
10211,C009,40,80.55,10,3222,S50_4713,Medium
10224,C027,50,77.29,3,3864.5,S50_4713,Medium
10237,C090,20,68.34,3,1366.8,S50_4713,Small
10252,C009,48,72.41,7,3475.68,S50_4713,Medium
10264,C038,47,89.5,5,4206.5,S50_4713,Medium
10276,C063,21,70.78,11,1486.38,S50_4713,Small
10285,C050,39,78.92,2,3077.88,S50_4713,Medium
10299,C086,44,80.55,5,3544.2,S50_4713,Medium
10309,C012,28,88.68,1,2483.04,S50_4713,Small
10319,C052,45,77.29,6,3478.05,S50_4713,Medium
10331,C059,20,100,5,3657.8,S50_4713,Medium
10341,C072,38,100,3,4682.36,S50_4713,Medium
10356,C048,26,100,4,3937.7,S50_4713,Medium
10365,C056,44,100,2,4984.32,S50_4713,Medium
10375,C045,49,100,8,5406.66,S50_4713,Medium
10390,C057,22,100,13,3491.18,S50_4713,Medium
10403,C088,31,68.34,3,2118.54,S50_4713,Small
10105,C028,41,70.67,5,2897.47,S700_1138,Small
10119,C072,25,76.67,14,1916.75,S700_1138,Small
10129,C078,31,60,5,1860,S700_1138,Small
10142,C057,41,64,2,2624,S700_1138,Small
10153,C034,43,64.67,1,2780.81,S700_1138,Small
10167,C074,43,75.34,12,3239.62,S700_1138,Medium
10177,C016,24,76,3,1824,S700_1138,Small
10185,C056,21,54,3,1134,S700_1138,Small
10197,C033,23,64.67,9,1487.41,S700_1138,Small
10208,C073,38,74.67,3,2837.46,S700_1138,Small
10222,C022,31,62.67,15,1942.77,S700_1138,Small
10233,C082,36,70.67,3,2544.12,S700_1138,Small
10248,C046,36,71.34,6,2568.24,S700_1138,Small
10261,C067,34,62,4,2108,S700_1138,Small
10273,C066,21,65.34,7,1372.14,S700_1138,Small
10283,C070,45,78.67,9,3540.15,S700_1138,Medium
10295,C038,26,75.34,4,1958.84,S700_1138,Small
10306,C011,50,54,3,2700,S700_1138,Small
10315,C045,41,62,2,2542,S700_1138,Small
10326,C091,39,60,1,2340,S700_1138,Small
10339,C084,22,100,5,2816.44,S700_1138,Small
10350,C034,46,76.67,11,3526.82,S700_1138,Medium
10373,C065,44,100,14,4627.92,S700_1138,Medium
10385,C057,25,77.34,1,1933.5,S700_1138,Small
10396,C057,39,66.67,1,2600.13,S700_1138,Small
10414,C038,37,71.34,6,2639.58,S700_1138,Small
10106,C069,31,100,7,3312.97,S700_1691,Medium
10120,C006,47,82.21,13,3863.87,S700_1691,Medium
10133,C034,24,77.64,8,1863.36,S700_1691,Small
10143,C056,36,100,2,3945.96,S700_1691,Medium
10156,C034,48,100,2,4954.08,S700_1691,Medium
10168,C081,28,98.65,14,2762.2,S700_1691,Small
10199,C092,48,83.12,2,3989.76,S700_1691,Medium
10210,C064,21,78.55,12,1649.55,S700_1691,Small
10223,C006,25,100,14,2534.75,S700_1691,Small
10235,C070,25,100,8,2580.25,S700_1691,Small
10250,C083,31,91.34,9,2831.54,S700_1691,Small
10262,C034,40,84.03,4,3361.2,S700_1691,Medium
10275,C045,32,89.51,14,2864.32,S700_1691,Small
10284,C061,24,83.12,6,1994.88,S700_1691,Small
10296,C013,42,100,2,4296.6,S700_1691,Medium
10308,C055,21,100,12,2224.95,S700_1691,Small
10316,C039,34,82.21,4,2795.14,S700_1691,Small
10328,C069,27,100,8,2762.1,S700_1691,Small
10340,C033,30,88.6,5,2658,S700_1691,Small
10353,C037,39,100,9,5043.87,S700_1691,Medium
10361,C077,20,60.54,4,1210.8,S700_1691,Small
10375,C045,37,81.87,6,3029.19,S700_1691,Medium
10388,C035,46,100,2,10066.6,S700_1691,Large
10398,C068,47,87.69,6,4121.43,S700_1691,Medium
10401,C082,11,100,8,1135.31,S700_1691,Small
10416,C047,23,91.34,9,2100.82,S700_1691,Small
10105,C028,29,70.15,12,2034.35,S700_1938,Small
10117,C032,38,79.68,6,3027.84,S700_1938,Medium
10128,C034,32,97,3,3104,S700_1938,Medium
10142,C057,43,84.01,9,3612.43,S700_1938,Medium
10153,C034,31,87.48,8,2711.88,S700_1938,Small
10166,C035,29,100,3,3013.97,S700_1938,Medium
10177,C016,31,88.34,10,2738.54,S700_1938,Small
10185,C056,30,94.4,10,2832,S700_1938,Small
10196,C080,50,94.4,2,4720,S700_1938,Medium
10208,C073,40,80.55,10,3222,S700_1938,Medium
10221,C066,23,97,4,2231,S700_1938,Small
10232,C039,26,88.34,7,2296.84,S700_1938,Small
10248,C046,40,100,13,4157.2,S700_1938,Medium
10273,C066,21,100,14,2146.2,S700_1938,Small
10282,C057,43,86.61,2,3724.23,S700_1938,Medium
10293,C002,29,71.89,5,2084.81,S700_1938,Small
10306,C011,38,91.81,10,3488.78,S700_1938,Medium
10314,C041,23,76.22,2,1753.06,S700_1938,Small
10327,C028,20,100,7,3469.2,S700_1938,Medium
10337,C020,36,70.3,9,2530.8,S700_1938,Small
10350,C034,28,100,4,2924.32,S700_1938,Small
10372,C084,44,100,2,4496.8,S700_1938,Medium
10384,C024,49,100,1,6397.44,S700_1938,Medium
10397,C001,32,80.55,5,2577.6,S700_1938,Small
10414,C038,34,100,13,3533.62,S700_1938,Medium
10106,C069,30,100,16,3177.3,S700_2047,Medium
10119,C072,29,94.14,7,2730.06,S700_2047,Small
10131,C037,22,85.99,8,1891.78,S700_2047,Small
10143,C056,26,100,11,2612.48,S700_2047,Small
10155,C086,32,91.43,9,2925.76,S700_2047,Small
10167,C074,29,100,5,2940.02,S700_2047,Small
10178,C001,34,96.86,8,3293.24,S700_2047,Medium
10186,C031,24,99.57,5,2389.68,S700_2047,Small
10197,C033,24,90.52,2,2172.48,S700_2047,Small
10209,C051,33,88.71,4,2927.43,S700_2047,Small
10222,C022,26,100,8,2659.54,S700_2047,Small
10249,C017,40,95.95,4,3838,S700_2047,Medium
10262,C034,44,94.14,13,4142.16,S700_2047,Medium
10274,C023,24,90.52,5,2172.48,S700_2047,Small
10283,C070,20,94.14,2,1882.8,S700_2047,Small
10296,C013,34,100,11,3477.86,S700_2047,Medium
10307,C019,34,97.76,5,3323.84,S700_2047,Medium
10316,C039,45,93.24,13,4195.8,S700_2047,Medium
10328,C069,41,100,9,4156.58,S700_2047,Medium
10339,C084,55,71.25,15,3918.75,S700_2047,Medium
10352,C010,23,100,3,2352.67,S700_2047,Small
10361,C077,24,45.39,14,1089.36,S700_2047,Small
10373,C065,32,84.41,15,2701.12,S700_2047,Small
10386,C034,29,85.76,13,2487.04,S700_2047,Small
10398,C068,36,100,7,3910.32,S700_2047,Medium
10400,C083,46,87.8,5,4038.8,S700_2047,Medium
10415,C005,32,95.95,4,3070.4,S700_2047,Medium
10106,C069,34,100,9,3763.46,S700_2466,Medium
10120,C006,24,100,15,2584.8,S700_2466,Small
10131,C037,40,100,1,4427.6,S700_2466,Medium
10143,C056,26,82.77,4,2152.02,S700_2466,Small
10155,C086,20,100,2,2353.4,S700_2466,Small
10168,C081,31,100,16,3431.39,S700_2466,Medium
10178,C001,22,87.75,1,1930.5,S700_2466,Small
10198,C026,42,100,1,4774.56,S700_2466,Medium
10210,C064,26,99.72,14,2592.72,S700_2466,Small
10222,C022,37,87.75,1,3246.75,S700_2466,Medium
10235,C070,38,88.75,10,3372.5,S700_2466,Medium
10250,C083,35,100,11,3909.15,S700_2466,Medium
10262,C034,33,90.75,6,2994.75,S700_2466,Small
10275,C045,39,100,16,4472.52,S700_2466,Medium
10284,C061,45,100,8,4576.95,S700_2466,Medium
10296,C013,24,100,4,2441.04,S700_2466,Small
10308,C055,35,88.75,14,3106.25,S700_2466,Medium
10316,C039,23,100,6,2706.41,S700_2466,Small
10328,C069,37,100,10,4021.53,S700_2466,Medium
10340,C033,55,87.75,7,4826.25,S700_2466,Medium
10352,C010,49,100,2,4935.28,S700_2466,Medium
10361,C077,26,100,9,2754.7,S700_2466,Small
10375,C045,33,100,1,3856.71,S700_2466,Medium
10386,C034,37,83.84,14,3102.08,S700_2466,Medium
10398,C068,22,86.76,8,1908.72,S700_2466,Small
10401,C082,85,88.75,10,7543.75,S700_2466,Large
10416,C047,22,100,11,2457.18,S700_2466,Small
10105,C028,31,65.77,3,2038.87,S700_2610,Small
10119,C072,38,65.77,12,2499.26,S700_2610,Small
10129,C078,45,85.29,3,3838.05,S700_2610,Medium
10143,C056,31,85.29,16,2643.99,S700_2610,Small
10154,C015,36,64.33,1,2315.88,S700_2610,Small
10167,C074,46,70.11,10,3225.06,S700_2610,Medium
10177,C016,32,76.62,1,2451.84,S700_2610,Small
10185,C056,39,57.82,1,2254.98,S700_2610,Small
10197,C033,50,78.79,7,3939.5,S700_2610,Medium
10208,C073,46,74.45,1,3424.7,S700_2610,Medium
10222,C022,36,80.95,13,2914.2,S700_2610,Small
10233,C082,29,82.4,1,2389.6,S700_2610,Small
10248,C046,32,75.89,4,2428.48,S700_2610,Small
10261,C067,44,68.67,2,3021.48,S700_2610,Medium
10273,C066,42,62.16,5,2610.72,S700_2610,Small
10283,C070,47,65.77,7,3091.19,S700_2610,Medium
10295,C038,44,58.55,2,2576.2,S700_2610,Small
10306,C011,43,75.17,1,3232.31,S700_2610,Medium
10316,C039,48,74.45,18,3573.6,S700_2610,Medium
10327,C028,21,96.31,1,2022.51,S700_2610,Small
10339,C084,50,74.35,9,3717.5,S700_2610,Medium
10350,C034,29,75.35,12,2185.15,S700_2610,Small
10373,C065,41,70.33,16,2883.53,S700_2610,Small
10386,C034,37,100,10,5017.57,S700_2610,Medium
10397,C001,22,66.5,4,1463,S700_2610,Small
10414,C038,31,75.89,4,2352.59,S700_2610,Small
10103,C012,42,100,6,4460.82,S700_2824,Medium
10114,C044,42,100,10,4758.18,S700_2824,Medium
10126,C025,45,100,6,4597.2,S700_2824,Medium
10140,C081,36,100,6,4114.8,S700_2824,Medium
10150,C032,20,100,3,2104,S700_2824,Small
10164,C053,39,81.93,4,3195.27,S700_2824,Medium
10175,C078,42,85.98,11,3611.16,S700_2824,Medium
10183,C019,23,86.99,3,2000.77,S700_2824,Small
10194,C073,26,89.01,6,2314.26,S700_2824,Small
10206,C018,33,100,1,3871.89,S700_2824,Medium
10217,C040,31,88,6,2728,S700_2824,Small
10229,C057,50,100,11,5614,S700_2824,Medium
10245,C080,44,100,4,4628.8,S700_2824,Medium
10258,C084,45,80.92,1,3641.4,S700_2824,Medium
10270,C077,46,88,4,4048,S700_2824,Medium
10281,C029,27,85.98,11,2321.46,S700_2824,Small
10291,C074,28,100,6,3256.96,S700_2824,Medium
10304,C008,40,100,1,4208,S700_2824,Medium
10313,C018,30,99.13,9,2973.9,S700_2824,Small
10324,C090,34,100,5,4248.3,S700_2824,Medium
10336,C044,46,100,2,9558.8,S700_2824,Large
10348,C025,32,82.83,7,2650.56,S700_2824,Small
10358,C034,27,100,3,3761.37,S700_2824,Medium
10371,C057,34,100,3,4301.34,S700_2824,Medium
10382,C057,34,54.84,9,1864.56,S700_2824,Small
10411,C067,34,100,4,3576.8,S700_2824,Medium
10424,C034,46,80.92,1,3722.32,S700_2824,Medium
10106,C069,32,100,1,3986.56,S700_2834,Medium
10120,C006,24,100,7,3417.12,S700_2834,Medium
10133,C034,27,99.67,2,2691.09,S700_2834,Small
10145,C087,20,100,13,2752.6,S700_2834,Small
10168,C081,36,100,8,4527.72,S700_2834,Medium
10188,C042,29,100,8,3957.05,S700_2834,Medium
10210,C064,25,100,6,2818,S700_2834,Small
10223,C006,29,100,8,3199.86,S700_2834,Medium
10235,C070,25,96.11,2,2402.75,S700_2834,Small
10250,C083,44,100,3,6055.72,S700_2834,Medium
10263,C036,47,100,9,5465.16,S700_2834,Medium
10275,C045,48,100,8,6378.72,S700_2834,Medium
10285,C050,45,100,13,5392.8,S700_2834,Medium
10297,C021,35,100,3,3986.5,S700_2834,Medium
10308,C055,31,100,6,4009.23,S700_2834,Medium
10318,C029,50,100,8,7119,S700_2834,Large
10328,C069,33,100,11,4072.2,S700_2834,Medium
10340,C033,29,100,6,4094.51,S700_2834,Medium
10353,C037,48,68.8,4,3302.4,S700_2834,Medium
10361,C077,44,72.42,5,3186.48,S700_2834,Medium
10375,C045,25,66.73,10,1668.25,S700_2834,Small
10388,C035,50,100,3,7154.5,S700_2834,Large
10398,C068,23,100,9,2810.83,S700_2834,Small
10401,C082,21,96.11,2,2018.31,S700_2834,Small
10416,C047,41,100,3,5642.83,S700_2834,Medium
10106,C069,44,74.4,8,3273.6,S700_3167,Medium
10120,C006,43,76,14,3268,S700_3167,Medium
10143,C056,28,96,3,2688,S700_3167,Small
10155,C086,43,86.4,1,3715.2,S700_3167,Medium
10168,C081,48,96,15,4608,S700_3167,Medium
10199,C092,38,82.4,3,3131.2,S700_3167,Medium
10210,C064,31,86.4,13,2678.4,S700_3167,Small
10223,C006,26,67.2,15,1747.2,S700_3167,Small
10235,C070,32,92,9,2944,S700_3167,Small
10250,C083,44,67.2,10,2956.8,S700_3167,Small
10262,C034,27,76,5,2052,S700_3167,Small
10275,C045,43,73.6,15,3164.8,S700_3167,Medium
10284,C061,25,69.6,7,1740,S700_3167,Small
10296,C013,22,80.8,3,1777.6,S700_3167,Small
10308,C055,21,87.2,13,1831.2,S700_3167,Small
10316,C039,48,75.2,5,3609.6,S700_3167,Medium
10328,C069,33,64,13,2112,S700_3167,Small
10341,C072,34,100,5,3644.12,S700_3167,Medium
10353,C037,43,81.95,6,3523.85,S700_3167,Medium
10361,C077,44,100,10,5001.92,S700_3167,Medium
10375,C045,44,100,11,5208.72,S700_3167,Medium
10386,C034,32,94.34,17,3018.88,S700_3167,Medium
10398,C068,29,65.6,10,1902.4,S700_3167,Small
10401,C082,77,92,9,7084,S700_3167,Large
10416,C047,39,67.2,10,2620.8,S700_3167,Small
10105,C028,39,81.14,6,3164.46,S700_3505,Medium
10118,C033,36,100,1,4219.2,S700_3505,Medium
10129,C078,42,91.15,6,3828.3,S700_3505,Medium
10142,C057,21,100,3,2334.99,S700_3505,Small
10153,C034,50,88.15,2,4407.5,S700_3505,Medium
10167,C074,24,100,13,2812.8,S700_3505,Small
10177,C016,44,92.16,4,4055.04,S700_3505,Medium
10185,C056,37,100,4,3891.66,S700_3505,Medium
10197,C033,27,92.16,10,2488.32,S700_3505,Small
10208,C073,37,100,4,4447.4,S700_3505,Medium
10222,C022,38,100,16,4187.22,S700_3505,Medium
10232,C039,48,96.16,1,4615.68,S700_3505,Medium
10248,C046,30,100,7,3245.4,S700_3505,Medium
10261,C067,25,88.15,5,2203.75,S700_3505,Small
10273,C066,40,86.15,8,3446,S700_3505,Medium
10283,C070,22,88.15,10,1939.3,S700_3505,Small
10295,C038,34,100,5,3473.78,S700_3505,Medium
10306,C011,32,90.15,4,2884.8,S700_3505,Small
10315,C045,31,86.15,3,2670.65,S700_3505,Small
10327,C028,43,80,2,3440,S700_3505,Medium
10337,C020,31,89.38,1,2770.78,S700_3505,Small
10350,C034,31,77.34,13,2397.54,S700_3505,Small
10373,C065,34,96.34,2,3275.56,S700_3505,Medium
10386,C034,45,92.08,2,4143.6,S700_3505,Medium
10397,C001,48,100,3,5192.64,S700_3505,Medium
10414,C038,28,100,7,3029.04,S700_3505,Medium
10105,C028,22,100,7,2556.18,S700_3962,Small
10117,C032,45,83.42,1,3753.9,S700_3962,Medium
10129,C078,30,85.41,7,2562.3,S700_3962,Small
10142,C057,38,85.41,4,3245.58,S700_3962,Medium
10153,C034,20,100,3,2204.6,S700_3962,Small
10167,C074,28,100,14,3003,S700_3962,Medium
10177,C016,24,100,5,2526.48,S700_3962,Small
10185,C056,22,79.45,5,1747.9,S700_3962,Small
10197,C033,35,93.35,11,3267.25,S700_3962,Medium
10208,C073,33,85.41,5,2818.53,S700_3962,Small
10222,C022,31,95.34,17,2955.54,S700_3962,Small
10232,C039,35,82.43,2,2885.05,S700_3962,Small
10248,C046,35,90.37,8,3162.95,S700_3962,Medium
10261,C067,50,81.43,6,4071.5,S700_3962,Medium
10273,C066,26,100,9,2969.46,S700_3962,Small
10283,C070,38,89.38,11,3396.44,S700_3962,Medium
10294,C063,45,100,1,4692.6,S700_3962,Medium
10306,C011,30,100,5,3515.7,S700_3962,Medium
10315,C045,37,91.37,4,3380.69,S700_3962,Medium
10327,C028,37,86.61,3,3204.57,S700_3962,Medium
10337,C020,36,71.89,7,2588.04,S700_3962,Small
10350,C034,25,100,16,2854.75,S700_3962,Small
10373,C065,37,100,8,4025.6,S700_3962,Medium
10386,C034,30,95.48,3,2864.4,S700_3962,Small
10397,C001,36,100,2,3789.72,S700_3962,Medium
10414,C038,27,90.37,8,2439.99,S700_3962,Small
10106,C069,48,61.44,10,2949.12,S700_4002,Small
10119,C072,26,59.22,1,1539.72,S700_4002,Small
10131,C037,26,85.13,2,2213.38,S700_4002,Small
10143,C056,34,85.87,5,2919.58,S700_4002,Small
10155,C086,44,85.87,3,3778.28,S700_4002,Medium
10168,C081,39,82.91,17,3233.49,S700_4002,Medium
10178,C001,45,76.25,2,3431.25,S700_4002,Medium
10198,C026,40,63.67,2,2546.8,S700_4002,Small
10210,C064,42,70.33,15,2953.86,S700_4002,Small
10222,C022,43,74.03,2,3183.29,S700_4002,Medium
10235,C070,34,72.55,11,2466.7,S700_4002,Small
10250,C083,38,62.19,12,2363.22,S700_4002,Small
10262,C034,35,71.07,7,2487.45,S700_4002,Small
10275,C045,31,72.55,17,2249.05,S700_4002,Small
10284,C061,32,64.41,9,2061.12,S700_4002,Small
10296,C013,47,86.62,5,4071.14,S700_4002,Medium
10308,C055,39,68.11,15,2656.29,S700_4002,Small
10316,C039,44,62.19,7,2736.36,S700_4002,Small
10328,C069,39,85.87,12,3348.93,S700_4002,Medium
10339,C084,50,57.86,8,2893,S700_4002,Small
10352,C010,22,75.51,1,1661.22,S700_4002,Small
10361,C077,35,100,11,4277.35,S700_4002,Medium
10373,C065,45,55.62,17,2502.9,S700_4002,Small
10386,C034,44,86.4,15,3801.6,S700_4002,Medium
10398,C068,36,87.36,12,3144.96,S700_4002,Medium
10401,C082,28,72.55,11,2031.4,S700_4002,Small
10416,C047,43,62.19,12,2674.17,S700_4002,Small
10106,C069,48,52.64,15,2526.72,S72_1253,Small
10119,C072,28,48.17,6,1348.76,S72_1253,Small
10131,C037,21,41.71,7,875.91,S72_1253,Small
10143,C056,37,50.65,10,1874.05,S72_1253,Small
10155,C086,34,49.16,8,1671.44,S72_1253,Small
10167,C074,40,41.71,4,1668.4,S72_1253,Small
10178,C001,45,51.15,7,2301.75,S72_1253,Small
10186,C031,28,52.14,4,1459.92,S72_1253,Small
10197,C033,29,41.71,1,1209.59,S72_1253,Small
10209,C051,48,44.69,3,2145.12,S72_1253,Small
10222,C022,31,45.69,7,1416.39,S72_1253,Small
10249,C017,32,57.61,3,1843.52,S72_1253,Small
10262,C034,21,57.11,12,1199.31,S72_1253,Small
10274,C023,32,58.6,4,1875.2,S72_1253,Small
10283,C070,43,57.61,1,2477.23,S72_1253,Small
10296,C013,21,45.19,10,948.99,S72_1253,Small
10307,C019,34,53.63,4,1823.42,S72_1253,Small
10316,C039,34,43.7,12,1485.8,S72_1253,Small
10329,C046,44,86.13,8,3789.72,S72_1253,Medium
10339,C084,27,76.31,6,2060.37,S72_1253,Small
10352,C010,49,52.64,4,2579.36,S72_1253,Small
10361,C077,23,95.2,12,2189.6,S72_1253,Small
10373,C065,25,64.97,9,1624.25,S72_1253,Small
10386,C034,50,87.15,16,4357.5,S72_1253,Medium
10398,C068,34,40.22,1,1367.48,S72_1253,Small
10400,C083,20,56.12,4,1122.4,S72_1253,Small
10415,C005,42,57.61,3,2419.62,S72_1253,Small
10105,C028,25,56.78,8,1419.5,S72_3212,Small
10117,C032,50,43.68,2,2184,S72_3212,Small
10129,C078,32,64.97,8,2079.04,S72_3212,Small
10142,C057,39,44.23,5,1724.97,S72_3212,Small
10153,C034,50,60.06,4,3003,S72_3212,Medium
10167,C074,38,48.59,15,1846.42,S72_3212,Small
10177,C016,40,50.23,6,2009.2,S72_3212,Small
10185,C056,28,64.43,6,1804.04,S72_3212,Small
10197,C033,42,50.23,12,2109.66,S72_3212,Small
10208,C073,42,63.88,6,2682.96,S72_3212,Small
10222,C022,36,63.34,18,2280.24,S72_3212,Small
10232,C039,24,49.69,3,1192.56,S72_3212,Small
10248,C046,23,65.52,9,1506.96,S72_3212,Small
10261,C067,29,50.78,7,1472.62,S72_3212,Small
10273,C066,37,45.86,10,1696.82,S72_3212,Small
10283,C070,33,51.32,12,1693.56,S72_3212,Small
10293,C002,32,60.06,1,1921.92,S72_3212,Small
10306,C011,35,59.51,6,2082.85,S72_3212,Small
10315,C045,40,55.69,5,2227.6,S72_3212,Small
10327,C028,37,86.74,4,3209.38,S72_3212,Medium
10337,C020,42,97.16,5,4080.72,S72_3212,Medium
10350,C034,20,100,15,2244.4,S72_3212,Small
10373,C065,29,100,1,3978.51,S72_3212,Medium
10386,C034,43,100,4,5417.57,S72_3212,Medium
10397,C001,34,62.24,1,2116.16,S72_3212,Small
10414,C038,47,65.52,9,3079.44,S72_3212,Medium
